*300*
   0, 100, 500, 1000,
  25,	650,	 0,    0,
  50,	650, 650,	   0,
 100,	648, 647,	 650,
 200,	646, 644,	 646,
 500,	644, 641,	 642,
 800,	642, 638,	 638,
1000,	640, 635,	 634,
1200,	638, 632,	 630,
1500,	636, 629,	 626,
1800,	634, 626,	   0,
2000,	632, 623,	   0,
2200,	630,	 0,	   0,
2500,   0,   0,    0;
*150*
   0, 100, 500, 1000,
  25,	650,	 0,	   0,		
  50,	650, 650,	 650,
 100,	648, 647,	 650,
 200,	646, 644,	 646,
 500,	644, 641,	 642,
 800,	642, 638,	 638,
1000,	640, 635,	 634,
1200,	638, 632,	 630,
1500,	636, 629,	   0,
1800,	634,	 0,		 0,
2000,	  0,	 0,		 0,
2200,	  0,	 0,		 0,
2500,   0,   0,    0;
*420*
   0, 100, 500, 1000,
  25,	650,	 0,    0,		
  50,	650, 650,	   0,
 100,	648, 647,	 650,
 200,	646, 644,	 646,
 500,	644, 641,	 642,
 800,	642, 638,	 638,
1000,	640, 635,	 634,
1200,	638, 632,	 630,
1500,	636, 629,	 626,
1800,	634, 626,	 622,
2000,	632, 623,	   0,
2200,	630, 620,	   0,
2500,	628,	 0,	   0,
0,       0,      0,    0,
0,       0,      0,    0;



 