*300*
   0, 100, 500, 1000, 2000,
  25,	700,	 0,	   0,		 0,
  50,	700, 700,	   0,    0,
 100,	698, 697,  700,    0,
 200,	696, 694,  696,  700,
 500,	694, 691,  692,  695,
 800,	692, 688,  688,  690,
1000,	690, 685,  684,  685,
1200,	688, 682,  680,  680,
1500,	686, 679,  676,  675,
1800,	684, 676,  672,  670,
2000,	682, 673,  668,  665,
2200,	680, 670,  664,  660,
2500,	678, 667,  660,    0,
3000,	676, 664,  656,    0,
3500,	674, 661,    0,    0,
4000,	  0,	 0,    0,    0;
*150*
   0, 100, 500, 1000, 2000,
  25,	700,	 0,    0,    0,				
  50,	700, 700,    0,    0,
 100,	698, 697,  700,    0,
 200,	696, 694,  696,  700,
 500,	694, 691,  692,  695,
 800,	692, 688,  688,  690,
1000,	690, 685,  684,  685,
1200,	688, 682,  680,  680,
1500,	686, 679,  676,  675,
1800,	684, 676,  672,  670,
2000,	682, 673,  668,    0,
2200,	680, 670,  664,    0,
2500,	678, 667,  660,    0,
3000,	676, 664,    0,    0,
3500,	  0,   0,    0,    0,
4000,	  0,   0,    0,    0;
*420*
   0, 100, 500, 1000, 2000,
  25,	700,   0,	   0,    0,				
  50,	700, 700,    0,    0,
 100,	698, 697,  700,    0,
 200,	696, 694,  696,  700,
 500,	694, 691,  692,  695,
 800,	692, 688,  688,  690,
1000,	690, 685,  684,  685,
1200,	688, 682,  680,  680,
1500,	686, 679,  676,  675,
1800,	684, 676,  672,  670,
2000,	682, 673,  668,  665,
2200,	680, 670,  664,  660,
2500,	678, 667,  660,  655,
3000,	676, 664,  656,    0,
3500,	674, 661,  652,    0,
4000,	672, 658,    0,    0,
0,       0,    0,    0,    0,
0,       0,    0,    0,    0;
