*300*
   0, 100, 500, 1000, 2000,
  25,	750,   0,    0,    0,
  50,	750, 750,    0,    0,
 100,	748, 747,  750,    0,
 200,	746, 744,  746,  750,
 500,	744, 741,  742,  745,
 800,	742, 738,  738,  740,
1000,	740, 735,  734,  735,
1200,	738, 732,  730,  730,
1500,	736, 729,  726,  725,
1800,	734, 726,  722,  720,
2000,	732, 723,  718,  715,
2200,	730, 720,  714,  710,
2500,	728, 717,  710,    0,
3000,	726, 714,  706,    0,
3500,	724, 711,    0,    0,
4000,	  0,   0,    0,    0;
*150*
   0, 100, 500, 1000, 2000,
  25,	750,   0,    0,		 0,	
  50,	750, 750,    0,    0,
 100,	748, 747,  750,    0,
 200,	746, 744,  746,  750,
 500,	744, 741,  742,  745,
 800,	742, 738,  738,  740,
1000,	740, 735,  734,  735,
1200,	738, 732,  730,  730,
1500,	736, 729,  726,  725,
1800,	734, 726,  722,  720,
2000,	732, 723,  718,    0,
2200,	730, 720,  714,    0,
2500,	728, 717,  710,    0,
3000,	726, 714,    0,    0,
3500,	  0,   0,    0,    0,
4000,	  0,   0,    0,    0;
*420*
   0, 100, 500, 1000, 2000,
  25,	750,	 0,    0,    0,				
  50,	750, 750,    0,    0,
 100,	748, 747,  750,    0,
 200,	746, 744,  746,  750,
 500,	744, 741,  742,  745,
 800,	742, 738,  738,  740,
1000,	740, 735,  734,  735,
1200,	738, 732,  730,  730,
1500,	736, 729,  726,  725,
1800,	734, 726,  722,  720,
2000,	732, 723,  718,  715,
2200,	730, 720,  714,  710,
2500,	728, 717,  710,  705,
3000,	726, 714,  706,    0,
3500,	724, 711,  702,    0,
4000,	722, 708,    0,    0,
0,       0,    0,    0,    0,
0,       0,    0,    0,    0;

