*300*
   0, 100, 500, 1000, 2000, 
  25,	800,   0,    0,    0,
  50,	800, 800,    0,    0,
 100,	798, 797,  800,    0,
 200,	796, 794,  796,  800,
 500,	794, 791,  792,  795,
 800,	792, 788,  788,  790,
1000,	790, 785,  784,  785,
1200,	788, 782,  780,  780,
1500,	786, 779,  776,  775,
1800,	784, 776,  772,  770,
2000,	782, 773,  768,  765,
2200,	780, 770,  764,  760,
2500,	778, 767,  760,  755,
3000,	776, 764,  756,  750,
3500,	774, 761,  752,    0,
4000,	772, 758,  748,    0,
4500,	770, 755,    0,    0;
*150*
   0, 100, 500, 1000, 2000,
  25,	800,   0,    0,    0,				
  50,	800, 800,    0,    0,
 100,	798, 797,  800,    0,
 200,	796, 794,  796,  800,
 500,	794, 791,  792,  795,
 800,	792, 788,  788,  790,
1000,	790, 785,  784,  785,
1200,	788, 782,  780,  780,
1500,	786, 779,  776,  775,
1800,	784, 776,  772,  770,
2000,	782, 773,  768,  765,
2200,	780, 770,  764,  760,
2500,	778, 767,  760,  755,
3000,	776, 764,  756,    0,
3500,	774, 761,    0,    0,
4000,   0,   0,    0,    0,
4500,   0,   0,    0,    0;
*420*
   0, 100, 500, 1000, 2000,
  25,	800,   0,    0,    0,
  50,	800, 800,    0,    0,
 100,	798, 797,  800,    0,
 200,	796, 794,  796,  800,
 500,	794, 791,  792,  795,
 800,	792, 788,  788,  790,
1000,	790, 785,  784,  785,
1200,	788, 782,  780,  780,
1500,	786, 779,  776,  775,
1800,	784, 776,  772,  770,
2000,	782, 773,  768,  765,
2200,	780, 770,  764,  760,
2500,	778, 767,  760,  755,
3000,	776, 764,  756,  750,
3500,	774, 761,  752,  745,
4000,	772, 758,  748,    0,
4500,	770, 755,  744,    0,
0,       0,    0,    0,    0,
0,       0,    0,    0,    0;


