*300*
   0, 100, 500, 1000, 2000, 4000,
  25,	700,   0,    0,    0,    0,
  50,	700, 700,    0,    0,    0,
 100,	698, 697,  700,    0,    0,
 200,	696, 694,  696,  700,    0,
 500,	694, 691,  692,  695,  700,
 800,	692, 688,  688,  690,  694,
1000,	690, 685,  684,  685,  688,
1200,	688, 682,  680,  680,  682,
1500,	686, 679,  676,  675,  676,
1800,	684, 676,  672,  670,  670,
2000,	682, 673,  668,  665,  664,
2200,	680, 670,  664,  660,    0,
2500,	678, 667,  660,  655,    0,
3000,	676, 664,  656,  650,    0,
3500,	674, 661,  652,  645,    0,
4000,	672, 658,  648,  640,    0,
4500,	670, 655,  644,  635,    0,
5000,	668, 652,  640,  630,    0,
5500,	666, 649,  636,    0,    0,
6000, 	0,   0,    0,    0,    0,
6500,	  0,   0,    0,    0,    0;
*150*
   0, 100, 500, 1000, 2000, 4000,
  25,	700,	 0,    0,    0,    0,						
  50,	700, 700,    0,    0,    0,
 100,	698, 697,  700,    0,    0,
 200,	696, 694,  696,  700,    0,
 500,	694, 691,  692,  695,  700,
 800,	692, 688,  688,  690,  694,
1000,	690, 685,  684,  685,  688,
1200,	688, 682,  680,  680,  682,
1500,	686, 679,  676,  675,  676,
1800,	684, 676,  672,  670,  670,
2000,	682, 673,  668,  665,    0,
2200,	680, 670,  664,  660,    0,
2500,	678, 667,  660,  655,    0,
3000,	676, 664,  656,  650,    0,
3500,	674, 661,  652,  645,    0,
4000,	672, 658,  648,  640,    0,
4500,	670, 655,  644,    0,    0,
5000,	668,   0,    0,    0,    0,
5500, 	0,   0,    0,    0,    0,
6000, 	0,   0,    0,    0,    0,
6500, 	0,   0,    0,    0,    0;
*420*
   0, 100, 500, 1000, 2000, 4000,
  25,	700,   0,    0,    0,    0,
  50,	700, 700,    0,    0,    0,
 100,	698, 697,  700,    0,    0,
 200,	696, 694,  696,  700,    0,
 500,	694, 691,  692,  695,  700,
 800,	692, 688,  688,  690,  694,
1000,	690, 685,  684,  685,  688,
1200,	688, 682,  680,  680,  682,
1500,	686, 679,  676,  675,  676,
1800,	684, 676,  672,  670,  670,
2000,	682, 673,  668,  665,  664,
2200,	680, 670,  664,  660,  658,
2500,	678, 667,  660,  655,    0,
3000,	676, 664,  656,  650,    0,
3500,	674, 661,  652,  645,    0,
4000,	672, 658,  648,  640,    0,
4500,	670, 655,  644,  635,    0,
5000,	668, 652,  640,  630,    0,
5500,	666, 649,  636,  625,    0,
6000,	664, 646,  632,    0,    0,
6500,	662, 643,  628,    0,    0,
0,       0,    0,    0,    0,    0,
0,       0,    0,    0,    0,    0;


