*300*
   0,   300,   1000,   2000,
1300,	216,	210,	217,
1700,	235,	230,	225,
2200,	254,	252,	243,
2700,	273,	274,	261,
3200,	292,	296,	279,
3700,	311,	318,	297,
4200,	330,	338,	315,
4700,	349,	358,	333,
5200,	368,	378,	351,
5700,	387,	398,	369,
6200,	406,	418,	387,
6700,	425,	438,	405,
7200,	  0,	  0,	  0,
7700,	  0,  	  0,	  0;
*150*
   0,   300,   1000,   2000,
1300,	216,	210,	217,
1700,	235,	230,	225,
2200,	254,	252,	243,
2700,	273,	274,	261,
3200,	292,	296,	279,
3700,	311,	318,	297,
4200,	330,	338,	315,
4700,	349,	358,	333,
5200,	368,	378,	351,
5700,	387,	398,	369,
6200,	  0,	  0,	  0,
6700,	  0,	  0,  	  0,
7200,	  0,	  0,      0,
7700,     0,      0,      0;
*420*
   0,   300,   1000,   2000,
1300,	  0,	  0,	  0,
1700,	235,	230,	225,
2200,	254,	252,	243,
2700,	273,	274,	261,
3200,	292,	296,	279,
3700,	311,	318,	297,
4200,	330,	338,	315,
4700,	349,	358,	333,
5200,	368,	378,	351,
5700,	387,	398,	369,
6200,	406,	418,	386,
6700,	425,	438,	403,
7200,	444,	458,	420,
7700,	463,	478,	  0,
   0,     0,      0,      0,
   0,     0,      0,      0;

