*300*
   0,   300,   1000,   2000,
1300,	216,	216,	216,
1700,	229,	229,	229,
2200,	242,	242,	242,
2700,	255,	255,	255,
3200,	268,	268,	268,
3700,	281,	281,	281,
4200,	294,	294,	294,
4700,	  0,	  0,	  0;
*150*
   0,   300,   1000,   2000,
1300,	216,	216,	216,
1700,	229,	229,	229,
2200,	242,	242,	242,
2700,	255,	255,	255,
3200,	268,	268,	268,
3700,	  0,	  0,      0,
4200,	  0,	  0,      0,
4700,	  0,	  0,      0;
*420*
   0,   300,   1000,   2000,
1300,	  0,	  0,	  0,
1700,	229,	229,	229,
2200,	242,	242,	242,
2700,	255,	255,	255,
3200,	268,	268,	268,
3700,	281,	281,	281,
4200,	294,	294,	294,
4700,	307,	307,	307,
   0,     0,      0,      0,
   0,     0,      0,      0;