*300*
   0,   300,   1000,   2000,
1300,	216,	210,	207,
1700,	226,	221,	216,
2200,	236,	232,	225,
2700,	246,	243,	234,
3200,	256,	254,	243,
3700,	266,	265,	252,
4200,	276,	276,	261,
4700,	286,	287,	270,
5200,	296,	298,	279,
5700,	  0,	  0,	  0;
*150*
   0,   300,   1000,   2000,
1300,	216,	210,	207,
1700,	226,	221,	216,
2200,	236,	232,	225,
2700,	246,	243,	234,
3200,	256,	254,	243,
3700,	266,	265,	252,
4200,	  0,	  0,	  0,
4700,	  0,	  0,	  0,
5200,	  0,	  0,	  0,
5700,	  0,	  0,	  0;
*420*
   0,   300,   1000,   2000,
1300,	  0,	  0,	  0,
1700,	226,	221,	216,
2200,	236,	232,	225,
2700,	246,	243,	234,
3200,	256,	254,	243,
3700,	266,	265,	252,
4200,	276,	276,	261,
4700,	286,	287,	270,
5200,	296,	298,	279,
5700,	306,	309,	288,
   0,     0,      0,      0,
   0,     0,      0,      0;   
   
