*300*
   0,   300,   1000,   2000,
  50,	180,	176,	  0,
 100,	190,	185,	180,
 200,	200,	194,	188,
 700,	210,	203,	196,
1300,	220,	212,	204,
1700,	230,	221,	212,
2200,	240,	230,	220,
2700,	250,	239,	228,
3200,	260,	248,	236,
3700,	270,	257,	244,
4200,	280,	266,	252,
4700,	290,	275,	260,
5200,	300,	284,	268,
5700,	310,	293,	276,
6200,	  0,	302,	284,
6700,	  0,	  0,      0,
7200,	  0,	  0,      0;
*150*
   0,   300,   1000,   2000,
  50,	180,	176,	  0,
 100,	190,	185,	180,
 200,	200,	194,	188,
 700,	210,	203,	196,
1300,	220,	212,	204,
1700,	230,	221,	212,
2200,	240,	230,	220,
2700,	250,	239,	228,
3200,	260,	248,	236,
3700,	270,	257,	244,
4200,	280,	266,	252,
4700,	290,	275,	260,
5200,	  0,	  0,      0,
5700,	  0,	  0,      0,
6200,	  0,	  0,      0,
6700,	  0,	  0,      0,
7200,	  0,	  0,      0;
*420*
   0,   300,   1000,   2000,
  50,	180,	176,	  0,
 100,	190,	185,	  0,
 200,	200,	194,	188,
 700,	210,	203,	196,
1300,	220,	212,	204,
1700,	230,	221,	212,
2200,	240,	230,	220,
2700,	250,	239,	228,
3200,	260,	248,	236,
3700,	270,	257,	244,
4200,	280,	266,	252,
4700,	290,	275,	260,
5200,	300,	284,	268,
5700,	310,	293,	276,
6200,	320,	302,	284,
6700,	330,	311,	292,
7200,	  0,	  0,	300,
   0,     0,      0,      0,
   0,     0,      0,      0;

