*300*
   0,   300,   1000,       2000,
1300, 	  0,	  0,	  	  0,  	
1700,	270,	265,		  0,	
2200,	290,	280,		250,	
2700,	310,	300,  	    270,
3200,	340,	320,		290,
3700,	360,	340,		310,
4200,	381,	360,		330,
4700,	403,	380,	    350,
5200,	427,	400,	    370,
5700,	452,	420,		390,
6200,	478,	440,     	410,
6700,	508,	460,	    430,
7200,	538,	480,		450,
7700,	563,	500,		470,
8200,     0,  	  0,  	    490;
*150*
   0,   300,   1000,       2000,
1300,	260,	255,	      0,
1700,	270,	265,		235,
2200,	290,	280,	    250,
2700,	310,	300,		270,
3200,	340,	320,		290,
3700,	360,	340,		310,
4200,	381,	360,		330,
4700,	403,	380,		350,
5200,	427,	400,		370,
5700,	452,	420,		390,
6200,	478,	440,		410,
6700,	508,	460,		430,
7200,	  0,	  0,		  0,
7700,	  0,	  0,	  	  0,
8200,	  0,	  0,	  	  0;
*420*
   0,   300,   1000,       2000,
1300, 	  0,	  0,	      0,
1700,	  0,	  0,	      0,
2200,	290,	280,		250,
2700,	310,	300,		270,
3200,	340,	320,		290,
3700,	360,	340,		310,
4200,	381,	360,		330,
4700,	403,	380,		350,
5200,	427,	400,		370,
5700,	452,	420,		390,
6200,	478,	440,		410,
6700,	508,	460,		430,
7200,	538,	480,		450
7700,	563,	500,		470,
8200,	  0,	  0,		490,
   0,     0,      0,          0,
   0,     0,      0,          0;
   
