*300*
    0,     400,        1000,           2000,           4000,      
 3200,	   300,		    300,		      0,		      0,				
 4200,	   330,		    330,		    290,		      0,		
 5200,	   350,	    	350,	    	300,    		280,	
 6200,	   371,		    371,		    325,		    290,		
 7200,	   393,		    393,		    345,		    300,	
 8200,	   417,	    	417,	    	366,	    	325,	
 9200,	   442,		    442,    		388,    		345,		
10200,	   468,   		468,		    412,		    366,	
11200,	   498,   		498,    		437,    		388,		
12200,	     0,	      	  0,	    	463,	    	412,	
13200,	     0,	      	  0,	    	492,	    	437,	
14200,	     0,	      	  0,	    	521,		    463,	
15200,	     0,	      	  0,	    	550,		    491,	
16200,	     0,	      	  0,	      	  0,		    519,	
17200,	     0,	      	  0,	      	  0,		      0;	
*150*
    0,     400,        1000,           2000,           4000,      
 3200,	   300,		    300,		    280,	    	260,
 4200,	   330,		    330,		    290,	    	270,
 5200,	   350,		    350,		    300,	    	280,
 6200,	   371,		    371,		    325,	    	290,
 7200,	   393,		    393,		    345,	    	300,
 8200,	   417,		    417,		    366,	    	325,
 9200,	   442,		    442,		    388,	    	345,	
10200,	   468,		    468,		    412,	    	366,	
11200,	   498,		    498,		    437,	    	388,		
12200,	     0,	  	      0,		    463,	    	412,		
13200,	     0,		      0,		    492,	    	437,	
14200,	     0,		      0,		      0,	        463,		
15200,	     0,		      0,		      0,	          0,		
16200,	     0,		      0,		      0,	          0,	
17200,	     0,		      0,		      0,	          0;	
*420*
    0,     400,        1000,           2000,           4000,     
 3200,	     0,	          0,	          0,              0,
 4200,	   330,		    330,		    290,		      0,	
 5200,	   350,		    350,		    300,		    280,	
 6200,	   371,		    371,		    325,		    290,	
 7200,	   393,		    393,		    345,		    300,	
 8200,	   417,		    417,		    366,		    325,	
 9200,	   442,		    442,		    388,		    345,	
10200,	   468,		    468,		    412,		    366,	
11200,	   498,		    498,		    437,		    388,	
12200,	   528,		    528,		    463,		    412,	
13200,	     0,		      0,		    492,		    437,	
14200,	     0,		      0,		    521,		    463,	
15200,	     0,		      0,		    547,		    488,	
16200,	     0,		      0,		    572,		    513,	
17200,	     0,		      0,		      0,		    538,
    0,       0,           0,              0,              0,
	0,       0,           0,              0,              0;
	