*300*
    0,      400,       1000,     2000,      4000,     6000,     10000,      17000,
 3000,       440,        440,      440,       440,      440,       450,          0,
 4500,       450,        450,      450,       450,      450,       460,          0,  
 5500,       470,        470,      470,       470,      470,       470,          0,
 6500,       490,        490,      490,       490,      490,       490,          0,
 7500,       510,        510,      510,       510,      510,       510,          0,
 8500,       530,        530,      530,       530,      530,       535,          0,
 9500,       550,        550,      550,       550,      550,       560,          0,
10500,       553,        553,      553,       553,      550,       560,          0,
11500,       556,        556,      556,       556,      556,       570,          0,
12500,       560,        560,      560,       560,      560,       580,          0,
13500,       565,        565,      565,       565,      565,       590,          0,
14500,       570,        570,      570,       570,      570,       600,          0,
15500,       585,        585,      585,       585,      585,       615,          0,
16500,       600,        600,      600,       600,      600,       630,          0,
17500,       615,        615,      615,       615,      615,       645,          0,
18500,       630,        630,      630,       630,      630,       660,          0,
19500,       650,        650,      650,       650,      650,       670,          0,
20500,       655,        655,      655,       655,      655,       677,          0,
21500,       660,        660,      660,       660,      660,       684,          0,
22500,       665,        665,      665,       665,      665,       691,          0,                     
24500,       670,        670,      680,       690,      700,       700,          0,
25000,         0,          0,        0,         0,        0,       700,          0,
*150*
    0,       400,       1000,     2000,      4000,     6000,     10000,      17000,
 3000,         0,          0,        0,         0,        0,         0,          0,
 4500,       450,        450,      450,       450,      450,       460,          0,  
 5500,       470,        470,      470,       470,      470,       470,          0,
 6500,       490,        490,      490,       490,      490,       490,          0,
 7500,       510,        510,      510,       510,      510,       510,          0,
 8500,       530,        530,      530,       530,      530,       535,          0,
 9500,       550,        550,      550,       550,      550,       560,          0,
10500,       553,        553,      553,       553,      550,       560,          0,
11500,       556,        556,      556,       556,      556,       570,          0,
12500,       560,        560,      560,       560,      560,       580,          0,
13500,       565,        565,      565,       565,      565,       590,          0,
14500,       570,        570,      570,       570,      570,       600,          0,
15500,       585,        585,      585,       585,      585,       615,          0,
16500,       600,        600,      600,       600,      600,       630,          0,
17500,       615,        615,      615,       615,      615,       645,          0,
18500,       630,        630,      630,       630,      630,       660,          0,
19500,       650,        650,      650,       650,      650,       670,          0,
20500,       655,        655,      655,       655,      655,       677,          0,
21500,       660,        660,      660,       660,      660,       684,          0,
22500,       665,        665,      665,       665,      665,       691,          0,                     
24500,       670,        670,      680,       690,      700,       700,          0,
25000,         0,          0,        0,         0,        0,       700,          0,
    0,        0,          0,        0,         0,	     0,         0,    		0,
    0,        0,          0,        0,         0,	     0,         0,    		0;