*300*
    0,    400,      1000,       2000,       4000,      6000,    10000,    17000,
 4800,      0,         0,          0,          0,         0,        0,    	  0,
 5500,      0,         0,          0,          0,         0,        0,    	  0,
 6500,    450,       450,          0,          0,         0,        0,    	  0,
 7500	  465,       465,        460,          0,         0,        0,        0,
 8500,    480,       480,        473,        470,         0,        0,    	  0,
 9500,    495,       495,        486,        482,       490,        0,    	  0,
10500,    505,       505,        499,        494,       498,      506,    	  0,
11500,    515,       515,        510,        506,       506,      513,    	  0,
12500,    525,       525,        521,        518,       514,      520,    	530,
13500,    535,       535,        532,        528,       522,      527,    	544,
14500,    545,       545,        542,        538,       531,      535,    	558,
15500,    555,       555,        552,        548,       540,      543,    	573,
16500,    565,       565,        561,        558,       549,      551,    	588,
17500,    575,       573,        570,        566,       558,      559,    	604,
18500,      0,       579,        579,        574,       567,      567,    	620,
19500,      0,       585,        588,        582,       576,      575,    	636,
20500,      0,       591,        596,        590,       583,      582,    	652,
21500,      0,       597,        604,        598,       590,      589,    	669,
22500,      0,       603,        610,        606,       597,      596,    	686,
23500,      0,       609,        616,        614,       604,      601,    	703,
34500,      0,       615,        622,        622,       611,      606,    	720,
25500,      0,       621,        626,        630,       617,      611,    	738,
26500,      0,         0,          0,          0,       623,      616,    	756,
27500,      0,         0,          0,          0,         0,      621,    	774,
28500,      0,         0,          0,          0,         0,      626,    	792,
29500,      0,         0,          0,          0,         0,        0,    	810,
30500,      0,         0,          0,          0,         0,        0,    	820,
31500,      0,         0,          0,          0,         0,        0,    	830,
32500,      0,         0,          0,          0,         0,        0,    	840,
33500,      0,         0,          0,          0,         0,        0,    	850,
34500,      0,         0,          0,          0,         0,        0,    	  0,
35500,      0,         0,          0,          0,         0,        0,    	  0,
36500,      0,         0,          0,          0,         0,        0,    	  0,
37500,      0,         0,          0,          0,         0,        0,    	  0,
    0,      0,         0,          0,          0,         0,        0,    	  0,
    0,      0,         0,          0,          0,         0,        0,    	  0,
    0,      0,         0,          0,          0,         0,        0,    	  0,
    0,      0,         0,          0,          0,         0,        0,    	  0,
    0,      0,         0,          0,          0,         0,        0,    	  0,
    0,      0,         0,          0,          0,         0,        0,    	  0,
    0,      0,         0,          0,          0,         0,        0,    	  0,
    0,      0,         0,          0,          0,         0,        0,    	  0,
    0,      0,         0,          0,          0,         0,        0,    	  0,
    0,      0,         0,          0,          0,         0,        0,    	  0,
    0,      0,         0,          0,          0,         0,        0,    	  0,
    0,      0,         0,          0,          0,         0,        0,    	  0,
    0,      0,         0,          0,          0,         0,        0,    	  0,
    0,      0,         0,          0,          0,         0,        0,    	  0,
    0,      0,         0,          0,          0,         0,        0,    	  0,
    0,      0,         0,          0,          0,         0,        0,    	  0,
    0,      0,         0,          0,          0,         0,        0,    	  0,
    0,      0,         0,          0,          0,         0,        0,    	  0,
    0,      0,         0,          0,          0,         0,        0,    	  0,
    0,      0,         0,          0,          0,         0,        0,    	  0,
    0,      0,         0,          0,          0,         0,        0,    	  0,
    0,      0,         0,          0,          0,         0,        0,    	  0,
    0,      0,         0,          0,          0,         0,        0,    	  0,
    0,      0,         0,          0,          0,         0,        0,    	  0,
    0,      0,         0,          0,          0,         0,        0,    	  0,
    0,      0,         0,          0,          0,         0,        0,    	  0,
    0,      0,         0,          0,          0,         0,        0,    	  0,
    0,      0,         0,          0,          0,         0,        0,    	  0,
    0,      0,         0,          0,          0,         0,        0,    	  0,
    0,      0,         0,          0,          0,         0,        0,    	  0,
    0,      0,         0,          0,          0,         0,        0,    	  0,
    0,      0,         0,          0,          0,         0,        0,    	  0,
    0,      0,         0,          0,          0,         0,        0,    	  0,
    0,      0,         0,          0,          0,         0,        0,    	  0,
    0,      0,         0,          0,          0,         0,        0,    	  0,
    0,      0,         0,          0,          0,         0,        0,    	  0,
    0,      0,         0,          0,          0,         0,        0,    	  0,
    0,      0,         0,          0,          0,         0,        0,    	  0,
    0,      0,         0,          0,          0,         0,        0,    	  0,
    0,      0,         0,          0,          0,         0,        0,    	  0;
*150*
	0,    400,        1000,         2000,           4000,          6000,      10000,        17000,
 4800,	  420,		   420,		       0,		       0,		      0,	      0,		    0,
 5500,	  435,		   435,		     430,		     425,		      0,	      0,		    0, 
 6500,	  450,		   450,		     445,		     440,		      0,	      0,		    0, 
 7500,	  465,		   465,		     460,		     455,		    425,	      0,		    0, 
 8500,	  480,		   480,		     473,		     470,		    445,        440,	        0, 
 9500,	  495,		   495,		     486,		     482,	    	465,	    458,		    0, 
10500,	  505,		   505,		     499,		     494,	    	480,	    473,		  470, 
11500,	  515,		   515,	     	 510,		     506,		    488,	    488,	  	  490, 
12500,	  525,		   525,		     521,		     518,	    	496,	    501,	   	  508, 
13500,	  535,		   535,		     532,		     528,		    504,	    510,	  	  523, 
14500,	  545,		   545,		     542,		     538,	     	513,	    518,	  	  537, 
15500,	    0,		   555,		     552,		     548,	    	522,	    526,	  	  551, 
16500,	    0,		   565,		     561,		     558,	    	531,	    534,	  	  565, 
17500,	    0,		   575,		     570,		     566,		    540,	    542,	  	  579, 
18500,	    0,		   585,		     579,		     574,		    549,	    550,	  	  594, 
19500,	    0,		   595,		     588,		     582,		    558,	    558,	  	  609, 
20500,	    0,		   605,		     596,		     590,		    565,	    565,	  	  625, 
21500,	    0,		   615,		     604,		     598,	    	572,	    572,	  	  642, 
22500,	    0,		     0,		       0,		     606,	    	579,	    579,	  	  659, 
23500,	    0,		     0,		       0,	 	       0,		      0,	    586,	  	  676, 
34500,	    0,		     0,		       0,		       0,		      0,	      0,	   	  693, 
25500,	    0,		     0,		       0,		       0,		      0,	      0,		  711, 
26500,	    0,		     0,		       0,		       0,		      0,	      0,		  729, 
27500,	    0,		     0,		       0,		       0,		      0,	      0,		  747, 
28500,	    0,		     0,		       0,		       0,		      0,	      0,		  765, 
29500,	    0,		     0,		       0,		       0,		      0,	      0,		    0, 
30500,	    0,		     0,		       0,		       0,		      0,	      0,		    0, 
31500,	    0,		     0,		       0,		       0,		      0,	      0,		    0,
32500,	    0,		     0,		       0,		       0,		      0,	      0,		    0,
33500,		0,		     0,		       0,		       0,		      0,	      0,		    0, 
34500,	  	0,		     0,		       0,		       0,		      0,	      0,		    0, 
35500,	  	0,		     0,		       0,		       0,		      0,	      0,		    0, 
36500,	  	0,		     0,		       0,		       0,		      0,	      0,		    0, 
37500,	  	0,		     0,		       0,		       0,		      0,	      0,		    0, 
    0,	  	0,		     0,		       0,		       0,		      0,	      0,		    0, 
    0,	  	0,		     0,		       0,		       0,		      0,	      0,		    0, 
    0,	  	0,		     0,		       0,		       0,		      0,	      0,		    0, 
    0,	  	0,		     0,		       0,		       0,		      0,	      0,		    0, 
    0,	  	0,		     0,		       0,		       0,		      0,	      0,		    0, 
    0,	  	0,		     0,		       0,		       0,		      0,	      0,		    0, 
    0,	  	0,		     0,		       0,		       0,		      0,	      0,		    0, 
    0,		0,		     0,		       0,		       0,		      0,	      0,		    0, 
    0,	  	0,		     0,		       0,		       0,		      0,	      0,		    0, 
    0,		0,		     0,		       0,		       0,		      0,	      0,		    0, 
    0,	  	0,		     0,		       0,		       0,		      0,		  0,		    0, 
    0,	  	0,		     0,		       0,		       0,		      0,		  0,		    0, 
    0,	  	0,		     0,		       0,		       0,		      0,		  0,		    0, 
    0,	  	0,		     0,		       0,		       0,		      0,		  0,		    0, 
    0,	  	0,		     0,		       0,		       0,		      0,		  0,		    0, 
    0,	  	0,		     0,		       0,		       0,		      0,		  0,		    0, 
    0,	  	0,		     0,		       0,		       0,		      0,		  0,		    0, 
    0,	  	0,		     0,		       0,		       0,		      0,		  0,		    0, 
    0,	  	0,		     0,		       0,		       0,		      0,		  0,		    0, 
    0,	  	0,		     0,		       0,		       0,		      0,		  0,		    0, 
    0,	  	0,		     0,		       0,		       0,		      0,		  0,		    0, 
    0,	  	0,		     0,		       0,		       0,		      0,		  0,		    0, 
    0,	  	0,		     0,		       0,		       0,		      0,		  0,		    0, 
    0,	  	0,		     0,		       0,		       0,		      0,	      0,	        0, 
    0,	  	0,		     0,		       0,		       0,		      0,	      0,	        0, 
    0,	  	0,		     0,		       0,		       0,		      0,	      0,	        0, 
    0,	  	0,		     0,		       0,		       0,		      0,	      0,	        0, 
    0,	  	0,		     0,		       0,		       0,		      0,	      0,	        0, 
    0,	  	0,		     0,		       0,		       0,		      0,	      0,	        0, 
    0,	  	0,		     0,		       0,		       0,		      0,	      0,	        0, 
    0,      0,           0,            0,              0,             0,          0,    	    0,
    0,      0,           0,            0,              0,             0,          0,    	    0,
    0,      0,           0,            0,              0,             0,          0,    	    0,
    0,      0,           0,            0,              0,             0,          0,    	    0,
    0,      0,           0,            0,              0,             0,          0,    	    0,
    0,      0,           0,            0,              0,             0,          0,    	    0,
    0,      0,           0,            0,              0,             0,          0,    	    0,
	0,      0,           0,            0,              0,             0,          0,    	    0,
	0,      0,           0,            0,              0,             0,          0,    	    0,
    0,      0,           0,            0,              0,             0,          0,    	    0;
*420*
    0,    400,        1000,         2000,           4000,          6000,      10000,      17000,
 4800,	    0,		     0,			   0,		       0,		      0,	      0,		  0,
 5500,	    0,		     0,			   0,		       0,		      0,	      0,		  0,
 6500,	  450,		   450,			   0,			   0,		      0,	      0,		  0,
 7500,	  465,		   465,		     460,			   0,		      0,	      0,		  0,
 8500,	  480,		   480,		     475,		     470,		      0,	      0,		  0,
 9500,	  495,		   495,		     490,		     484,		    460,	      0,		  0,
10500,	  505,		   505,		     500,		     494,		    469,	    470,		  0,
11500,	  515,		   515,		     510,		     504,		    478,	    479,		  0,
12500,	  525,		   525,		     520,		     514,	    	487,	    488,		  0,
13500,	  535,		   535,		     530,		     523,	    	496,	    497,		  0,
14500,	  545,		   545,		     540,		     532,		    505,	    506,		  0,
15500,	  555,		   555,		     550,		     541,		    514,	    515,		  0,
16500,	  565,		   565,		     560,		     550,		    523,	    524,		  0,
17500,	  575,		   575,		     570,		     558,		    532,	    533,		  0,
18500,	  585,		   585,		     580,		     566,		    541,	    542,		  0,
19500,	  595,		   595,		     588,		     574,	    	550,	    551,		  0,
20500,	    0,		   605,		     596,		     582,		    557,	    558,		  0,
21500,	    0,		   615,		     604,		     590,		    564,	    565,		  0,
22500,	    0,		   625,		     610,		     598,		    571,	    572,		  0,
23500,	    0,		   635,		     616,		     606,		    578,	    579,		  0,
34500,	    0,		   645,		     622,		     614,		    585,	    586,		  0,
25500,	    0,		   655,		     626,		     622,	    	591,	    591,		  0,
26500,	    0,		   665,		     630,		     630,	    	597,	    595,		  0,
27500,	    0,		     0,		     634,		     638,		    603,	    599,		  0,
28500,	    0,		     0,		     638,		     646,		    609,	    603,		  0,
29500,	    0,		     0,		       0,		     654,	    	615,	    607,		  0,
30500,	    0,		     0,		       0,		       0,		    621,	    611,		  0,
31500,	    0,		     0,		       0,		       0,		      0,	    615,		  0,
32500,	    0,		     0,		       0,		       0,		      0,	      0,		  0,
33500,	    0,		     0,		       0,		       0,		      0,	      0,		  0,
34500,	    0,		     0,		       0,		       0,		      0,	      0,		  0,
35500,	    0,		     0,		       0,		       0,		      0,	      0,		  0,
36500,	    0,		     0,		       0,		       0,		      0,	      0,		  0,
37500,	    0,		     0,		       0,		       0,		      0,	      0,		  0,
    0,	    0,		     0,		       0,		       0,		      0,	      0,		  0,
    0,	    0,		     0,		       0,		       0,		      0,	      0,		  0,
    0,	    0,		     0,		       0,		       0,		      0,	      0,		  0,
    0,	    0,		     0,		       0,		       0,		      0,	      0,		  0,
    0,	    0,		     0,		       0,		       0,		      0,	      0,		  0,
    0,	    0,		     0,		       0,		       0,		      0,	      0,		  0,
    0,	    0,		     0,		       0,		       0,		      0,	      0,		  0,
    0,	    0,		     0,		       0,		       0,		      0,	      0,		  0,
    0,	    0,		     0,		       0,		       0,		      0,	      0,		  0,
    0,	    0,		     0,			   0,		       0,		      0,	      0,		  0,
    0,	    0,		     0,		       0,		       0,		      0,	      0,		  0,
    0,	    0,		     0,		       0,		       0,		      0,	      0,		  0,
    0,	    0,		     0,		       0,		       0,		      0,	      0,		  0,
    0,	    0,		     0,		       0,		       0,		      0,	      0,		  0,
    0,	    0,		     0,			   0,		       0,		      0,	      0,		  0,
    0,	    0,			 0,		       0,		       0,		      0,	      0,		  0,
    0,	    0,		     0,			   0,		       0,		      0,	      0,		  0,
    0,	    0,		     0,			   0,		       0,		      0,	      0,		  0,
    0,	    0,		     0,			   0,		       0,		      0,	      0,		  0,
    0,	    0,		     0,			   0,		       0,		      0,	      0,		  0,
    0,	    0,		     0,			   0,		       0,		      0,	      0,		  0,
    0,	    0,		     0,			   0,		       0,		      0,	      0,		  0,
    0,	    0,		     0,			   0,		       0,		      0,	      0,		  0,
    0,	    0,		     0,			   0,		       0,		      0,	      0,		  0,
    0,	    0,		     0,			   0,		       0,		      0,		  0,		  0,
    0,	    0,		     0,			   0,		       0,		      0,		  0,		  0,
    0,	    0,	         0,			   0,		       0,		      0,		  0,		  0,
    0,	    0,		     0,			   0,		       0,		      0,		  0,		  0,
    0,	    0,		     0,			   0,		       0,		      0,		  0,		  0,
    0,	    0,			 0,			   0,		       0,		      0,		  0,		  0,
    0,      0,           0,            0,              0,             0,          0,          0,
    0,      0,           0,            0,              0,             0,          0,          0,
    0,      0,           0,            0,              0,             0,          0,          0,
    0,      0,           0,            0,              0,             0,          0,          0,
    0,      0,           0,            0,              0,             0,          0,          0,
    0,      0,           0,            0,              0,             0,          0,          0,
    0,      0,           0,            0,              0,             0,          0,          0,
    0,      0,           0,            0,              0,             0,          0,          0,
    0,      0,           0,            0,              0,             0,          0,          0,
    0,      0,           0,            0,              0,             0,          0,          0;
*640*
    0,    400,        1000,         2000,          4000,           6000,      10000,    17000,
 4800,		0,		     0,		       0,		      0,		      0,	 	  0,        0,
 5500,		0,		     0,		       0,		      0,		      0,	 	  0,        0,
 6500,		0,		     0,		       0,		      0,		      0,	 	  0,        0,
 7500,		0,		     0,		       0,		      0,		      0,	 	  0,        0,
 8500,	    480,		   480,		       0,		      0,		      0,	      0,        0,
 9500,	    495,		   495,		     475,		    460,	    	 450,	 	  0,        0,
10500,	    505,		   505,		     485,	    	470,	    	 459,	    455,        0,
11500,	    515,		   515,		     495,		    480,	    	 468,	    464,        0,
12500,	    525,		   525,		     505,	    	490,		     477,	    473,        0,
13500,	    535,		   535,		     515,		    499,    		 486,	    482,        0,
14500,	    545,		   545,		     525,		    508,		     495,	    491,        0,
15500,	    555,		   555,		     535,	    	517,	    	 504,	    500,        0,
16500,	    565,		   565,		     545,		    526,	    	 513,	    509,        0,
17500,	    575,	  	   573,		     555,		    534,	    	 522,	    518,        0,
18500,	    585,		   581,		     565,		    542,	    	 531,	    527,        0,
19500,	    595,		   589,		     573,	    	550,		     540,	    536,        0,
20500,	    603,		   597,		     581,	    	558,		     547,	    543,        0,
21500,	    609,		   605,	    	 589,		    566,		     554,	    550,        0,
22500,	    0,		   613,		     595,		    574,	    	 561,	    557,        0,
23500,	    0,	  	   621,		     601,		    582,		     568,	    564,        0,
34500,	    0,	  	   629,		     607,		    590,		     575,	    571,        0,
25500,	    0,		   637,		     611,	    	598,	    	 581,	    576,        0,
26500,	    0,		   645,		     615,	    	606,	    	 587,	    580,        0,
27500,	    0,		   653,		     619,	    	614,	    	 593,	    584,        0,
28500,	    0,		   661,		     623,	    	622,	    	 599,	    588,        0,
29500,	    0,		   669,	    	 627,	    	630,	    	 605,	    592,        0,
30500,	    0,		   677,		     631,	    	638,	    	 611,	    596,        0,
31500,	    0,		   685,		     635,	    	646,		     617,	    600,        0,
32500,	    0,		   693,		     639,	    	654,	    	 623,	    604,        0,
33500,	    0,		   701,		     643,	    	662,	    	 629,	    608,        0,
34500,	    0,		     0,		       0,	    	670,	    	 635,	    612,        0,
35500,	    0,		     0,		       0,	    	  0,	    	 641,	    616,        0,
36500,	    0,		     0,		       0,	    	  0,	    	   0,	    620,        0,
37500,	    0,		     0,		       0,	    	  0,	    	   0,	    624,        0,
    0,	    0,		     0,		       0,	    	  0,	    	   0,	      0,        0,
    0,	    0,		     0,		       0,	    	  0,	    	   0,	      0,        0,
    0,	    0,		     0,		       0,	    	  0,	    	   0,	      0,        0,
    0,	    0,		     0,		       0,	    	  0,	    	   0,	      0,        0,
    0,	  	0,		     0,		       0,	    	  0,	    	   0,	      0,        0,
    0,	  	0,		     0,		       0,	    	  0,	    	   0,	      0,        0,
    0,	  	0,		     0,		       0,	    	  0,	    	   0,	      0,        0,
    0,	  	0,		     0,		       0,	    	  0,	    	   0,	      0,        0,
    0,	  	0,		     0,		       0,	    	  0,	    	   0,	      0,        0,
    0,	  	0,		     0,		       0,	    	  0,	    	   0,	      0,        0,
    0,	  	0,		     0,		       0,	    	  0,	    	   0,	      0,        0,
    0,	  	0,		     0,		       0,	    	  0,	     	   0,	      0,        0,
    0,	  	0,		     0,		       0,	    	  0,	    	   0,	      0,        0,
    0,	  	0,		     0,		       0,	    	  0,	    	   0,	      0,        0,
    0,	  	0,		     0,		       0,	    	  0,	    	   0,	      0,        0,
    0,	  	0,		     0,		       0,	    	  0,	    	   0,	      0,        0,
    0,	  	0,		     0,		       0,	    	  0,	     	   0,	      0,        0,
    0,	  	0,		     0,		       0,	    	  0,	    	   0,	      0,        0,
    0,	  	0,		     0,		       0,	    	  0,	    	   0,	      0,        0,
    0,	  	0,		     0,		       0,	    	  0,	    	   0,	      0,        0,
    0,	  	0,		     0,		       0,	    	  0,	    	   0,	      0,        0,
    0,	  	0,		     0,		       0,	     	  0,	    	   0,	      0,        0,
    0,	  	0,		     0,		       0,	    	  0,	    	   0,	      0,        0,
    0,	  	0,		     0,		       0,	    	  0,	    	   0,	      0,        0,
    0,	  	0,		     0,		       0,		      0,	    	   0,	      0,        0,
    0,	  	0,		     0,		       0,		      0,	    	   0,	      0,        0,
    0,	  	0,		     0,		       0,		      0,	    	   0,	      0,        0,
    0,	  	0,		     0,		       0,		      0,	    	   0,	      0,        0,
    0,	  	0,		     0,		       0,		      0,	    	   0,	      0,        0,
    0,	  	0,		     0,		       0,		      0,	    	   0,	      0,        0,
    0,	  	0,		     0,		       0,		      0,	    	   0,	      0,        0,
    0,	  	0,		     0,		       0,		      0,	    	   0,	      0,        0,
    0,	  	0,		     0,		       0,		      0,	     	   0,	      0,        0,
    0,	  	0,		     0,		       0,		      0,	 	       0,	      0,        0,
    0,	  	0,		     0,		       0,		      0,		       0,	      0,        0,
    0,	  	0,		     0,		       0,		      0,		       0,	      0,        0,
    0,	  	0,		     0,		       0,		      0,		       0,	      0,        0,
    0,	  	0,		     0,		       0,		      0,		       0,	      0,        0,
    0,	  	0,		     0,		       0,		      0,		       0,	      0,        0,
    0,	  	0,		     0,		       0,		      0,		       0,	      0,        0,
	0,	  	0,		     0,		       0,		      0,		       0,	      0,        0,
	0,	  	0,		     0,		       0,		      0,		       0,	      0,        0;