*300*
    0,   1000,     2000,     4000,     6000,    10000,    17000,   300000,
 6000,     870,      870,      870,      840,        0,        0,        0,
 7000,     860,      860,      865,      836,      770,        0,        0,
 8000,     850,      850,      860,      832,      774,        0,        0,
 9000,     840,      840,      855,      828,      778,      770,        0,
10000,     830,      830,      855,      824,      782,      780,        0,
11000,     820,      825,      850,      820,      786,      790,        0,
12000,     810,      820,      845,      816,      790,      800,        0,
13000,     800,      820,      840,      812,      794,      810,        0,
14000,     790,      810,      835,      808,      798,      820,        0,
15000,       0,      800,      830,      804,      800,      830,        0,
16000,       0,        0,      825,      800,      800,      840,        0,
17000,       0,        0,        0,      796,      796,      845,        0,
18000,       0,        0,        0,      792,      792,      847,        0,
19000,       0,        0,        0,        0,      788,      850,        0,
20000,       0,        0,        0,        0,      784,      850,        0,
21000,       0,        0,        0,        0,        0,      845,        0,
22000,       0,        0,        0,        0,        0,      840,        0,
23000,       0,        0,        0,        0,        0,      835,        0,
24000,       0,        0,        0,        0,        0,      830,        0,
25000,       0,        0,        0,        0,        0,        0,        0,
26000,       0,        0,        0,        0,        0,        0,        0,
27000,       0,        0,        0,        0,        0,        0,        0,
28000,       0,        0,        0,        0,        0,        0,        0,
29000,       0,        0,        0,        0,        0,        0,        0,
30000,       0,        0,        0,        0,        0,        0,        0,
31000,       0,        0,        0,        0,        0,        0,        0,
32000,      0,        0,        0,        0,        0,        0,        0,
33000,      0,        0,        0,        0,        0,        0,        0,
34000,      0,        0,        0,        0,        0,        0,        0,
35000,      0,        0,        0,        0,        0,        0,        0,
36000,      0,        0,        0,        0,        0,        0,        0,
37000,      0,        0,        0,        0,        0,        0,        0,
38000,      0,        0,        0,        0,        0,        0,        0,
39000,      0,        0,        0,        0,        0,        0,        0,
40000,      0,        0,        0,        0,        0,        0,        0,
    0,      0,        0,        0,        0,        0,        0,    	0,
    0,      0,        0,        0,        0,        0,        0,    	0,
	0,      0,        0,        0,        0,        0,        0,    	0,
    0,      0,        0,        0,        0,        0,        0,    	0,
	0,      0,        0,        0,        0,        0,        0,    	0,
    0,      0,        0,        0,        0,        0,        0,    	0,
	0,      0,        0,        0,        0,        0,        0,    	0,
    0,      0,        0,        0,        0,        0,        0,    	0,
	0,      0,        0,        0,        0,        0,        0,    	0,
    0,      0,        0,        0,        0,        0,        0,    	0,
	0,      0,        0,        0,        0,        0,        0,    	0,
    0,      0,        0,        0,        0,        0,        0,    	0,
    0,      0,        0,        0,        0,        0,        0,    	0,
    0,      0,        0,        0,        0,        0,        0,    	0,
	0,      0,        0,        0,        0,        0,        0,    	0,
    0,      0,        0,        0,        0,        0,        0,    	0,
	0,      0,        0,        0,        0,        0,        0,    	0,
    0,      0,        0,        0,        0,        0,        0,    	0,
	0,      0,        0,        0,        0,        0,        0,    	0,
    0,      0,        0,        0,        0,        0,        0,    	0,
	0,      0,        0,        0,        0,        0,        0,    	0,
    0,      0,        0,        0,        0,        0,        0,    	0,
	0,      0,        0,        0,        0,        0,        0,    	0,
    0,      0,        0,        0,        0,        0,        0,    	0,
	0,      0,        0,        0,        0,        0,        0,    	0,
    0,      0,        0,        0,        0,        0,        0,    	0,
	0,      0,        0,        0,        0,        0,        0,    	0,
    0,      0,        0,        0,        0,        0,        0,    	0,
	0,      0,        0,        0,        0,        0,        0,    	0,
    0,      0,        0,        0,        0,        0,        0,    	0,
	0,      0,        0,        0,        0,        0,        0,    	0,
    0,      0,        0,        0,        0,        0,        0,    	0,
	0,      0,        0,        0,        0,        0,        0,    	0,
    0,      0,        0,        0,        0,        0,        0,    	0,
	0,      0,        0,        0,        0,        0,        0,    	0,
    0,      0,        0,        0,        0,        0,        0,    	0,
	0,      0,        0,        0,        0,        0,        0,    	0,
    0,      0,        0,        0,        0,        0,        0,    	0,
	0,      0,        0,        0,        0,        0,        0,    	0;
*150* 
    0,   1000,     2000,     4000,     6000,    10000,    17000,   300000,
 6000,     870,      870,      870,      840,        0,        0,        0,
 7000,     860,      860,      865,      836,      770,        0,        0,
 8000,     850,      850,      860,      832,      774,        0,        0,
 9000,     840,      840,      855,      828,      778,      770,        0,
10000,     830,      830,      855,      824,      782,      780,        0,
11000,     820,      825,      850,      820,      786,      790,        0,
12000,     810,      820,      845,      816,      790,      800,        0,
13000,     800,      820,      840,      812,      794,      810,        0,
14000,     790,      810,      835,      808,      798,      820,        0,
15000,     780,      800,      830,      804,      800,      830,        0,
16000,     770,      790,      825,      800,      800,      840,        0,
17000,     760,      780,      820,      796,      796,      845,        0,
18000,     750,      770,      815,      792,      792,      847,        0,
19000,       0,        0,      810,      788,      788,      850,        0,
20000,       0,        0,      800,      784,      784,      850,        0,
21000,       0,        0,      790,      780,      782,      845,        0,
22000,       0,        0,        0,      776,      778,      840,        0,
23000,       0,        0,        0,      772,      774,      835,        0,
24000,       0,        0,        0,        0,      770,      830,        0,
25000,       0,        0,        0,        0,      776,      821,        0,
26000,       0,        0,        0,        0,      762,      812,        0,
27000,       0,        0,        0,        0,        0,      802,        0,
28000,       0,        0,        0,        0,        0,      792,        0,
29000,       0,        0,        0,        0,        0,      781,        0,
30000,       0,        0,        0,        0,        0,      770,        0,
31000,       0,        0,        0,        0,        0,        0,        0,
32000,        0,        0,        0,        0,       0,       0,           0,
33000,        0,        0,        0,        0,       0,       0,           0,
34000,        0,        0,        0,        0,       0,       0,           0,
35000,        0,        0,        0,        0,         0,      0,           0,
36000,        0,        0,        0,        0,         0,      0,           0,
37000,        0,        0,        0,        0,         0,      0,           0,
38000,        0,        0,        0,        0,         0,      0,           0,
39000,        0,        0,        0,        0,         0,      0,           0,
40000,        0,        0,        0,        0,         0,      0,           0,
	0,      0,         0,          0,          0,         0,        0,    	  0;
    0,      0,         0,          0,          0,         0,        0,    	  0,
	0,      0,         0,          0,          0,         0,        0,    	  0,
    0,      0,         0,          0,          0,         0,        0,    	  0,
	0,      0,         0,          0,          0,         0,        0,    	  0,
    0,      0,         0,          0,          0,         0,        0,    	  0,
	0,      0,         0,          0,          0,         0,        0,    	  0,
    0,      0,         0,          0,          0,         0,        0,    	  0,
	0,      0,         0,          0,          0,         0,        0,    	  0,
    0,      0,         0,          0,          0,         0,        0,    	  0,
	0,      0,         0,          0,          0,         0,        0,    	  0,
    0,      0,         0,          0,          0,         0,        0,    	  0,
    0,      0,         0,          0,          0,         0,        0,    	  0,
    0,      0,         0,          0,          0,         0,        0,    	  0,
	0,      0,         0,          0,          0,         0,        0,    	  0,
    0,      0,         0,          0,          0,         0,        0,    	  0,
	0,      0,         0,          0,          0,         0,        0,    	  0,
    0,      0,         0,          0,          0,         0,        0,    	  0,
	0,      0,         0,          0,          0,         0,        0,    	  0,
    0,      0,         0,          0,          0,         0,        0,    	  0,
	0,      0,         0,          0,          0,         0,        0,    	  0,
    0,      0,         0,          0,          0,         0,        0,    	  0,
	0,      0,         0,          0,          0,         0,        0,    	  0,
    0,      0,         0,          0,          0,         0,        0,    	  0,
	0,      0,         0,          0,          0,         0,        0,    	  0,
    0,      0,         0,          0,          0,         0,        0,    	  0,
	0,      0,         0,          0,          0,         0,        0,    	  0,
    0,      0,         0,          0,          0,         0,        0,    	  0,
	0,      0,         0,          0,          0,         0,        0,    	  0,
    0,      0,         0,          0,          0,         0,        0,    	  0,
	0,      0,         0,          0,          0,         0,        0,    	  0,
    0,      0,         0,          0,          0,         0,        0,    	  0,
	0,      0,         0,          0,          0,         0,        0,    	  0,
    0,      0,         0,          0,          0,         0,        0,    	  0,
	0,      0,         0,          0,          0,         0,        0,    	  0,
    0,      0,         0,          0,          0,         0,        0,    	  0,
	0,      0,         0,          0,          0,         0,        0,    	  0,
    0,      0,         0,          0,          0,         0,        0,    	  0,
	0,      0,         0,          0,          0,         0,        0,    	  0;
*420*
    0,   1000,     2000,     4000,     6000,    10000,    17000,   300000,
 6000,     870,      870,      870,      840,        0,        0,        0,
 7000,     860,      860,      865,      836,      770,        0,        0,
 8000,     850,      850,      860,      832,      774,        0,        0,
 9000,     840,      840,      855,      828,      778,      770,        0,
10000,     830,      830,      855,      824,      782,      780,        0,
11000,     820,      825,      850,      820,      786,      790,        0,
12000,       0,      820,      845,      816,      790,      800,        0,
13000,       0,        0,      840,      812,      794,      810,        0,
14000,       0,        0,        0,      808,      798,      820,        0,
15000,       0,        0,        0,        0,      800,      830,        0,
16000,       0,        0,        0,        0,        0,      840,        0,
17000,       0,        0,        0,        0,        0,      845,        0,
18000,       0,        0,        0,        0,        0,      847,        0,
19000,       0,        0,        0,        0,        0,      850,        0,
20000,       0,        0,        0,        0,        0,        0,        0,
21000,       0,        0,        0,        0,        0,        0,        0,
22000,       0,        0,        0,        0,        0,        0,        0,
23000,       0,        0,        0,        0,        0,        0,        0,
24000,       0,        0,        0,        0,        0,        0,        0,
25000,       0,        0,        0,        0,        0,        0,        0,
26000,       0,        0,        0,        0,        0,        0,        0,
27000,       0,        0,        0,        0,        0,        0,        0,
28000,       0,        0,        0,        0,        0,        0,        0,
29000,       0,        0,        0,        0,        0,        0,        0,
30000,       0,        0,        0,        0,        0,        0,        0,
31000,       0,        0,        0,        0,        0,        0,        0,
32000,        0,        0,        0,        0,       0,       0,           0,
33000,        0,        0,        0,        0,       0,       0,           0,
34000,        0,        0,        0,        0,       0,       0,           0,
35000,        0,        0,        0,        0,         0,      0,           0,
36000,        0,        0,        0,        0,         0,      0,           0,
37000,        0,        0,        0,        0,         0,      0,           0,
38000,        0,        0,        0,        0,         0,      0,           0,
39000,        0,        0,        0,        0,         0,      0,           0,
40000,        0,        0,        0,        0,         0,      0,           0,
0,       0,        0,        0,        0,         0,         0,    	      0,
0,       0,        0,        0,        0,         0,         0,    	      0,
0,       0,        0,        0,        0,         0,         0,    	      0,
0,       0,        0,        0,        0,         0,         0,    	      0,
0,       0,        0,        0,        0,         0,         0,    	      0,
0,       0,        0,        0,        0,         0,         0,    	      0,
0,       0,        0,        0,        0,         0,         0,    	      0,
0,       0,        0,        0,        0,         0,         0,    	      0,
0,       0,        0,        0,        0,         0,         0,    	      0,
0,       0,        0,        0,        0,         0,         0,    	      0,
0,       0,        0,        0,        0,         0,         0,    	      0,
0,       0,        0,        0,        0,         0,         0,    	      0,
0,       0,        0,        0,        0,         0,         0,    	      0,
0,       0,        0,        0,        0,         0,         0,    	      0,
0,       0,        0,        0,        0,         0,         0,    	      0,
0,       0,        0,        0,        0,         0,         0,    	      0,
0,       0,        0,        0,        0,         0,         0,    	      0,
0,       0,        0,        0,        0,         0,         0,    	      0,
0,       0,        0,        0,        0,         0,         0,    	      0,
0,       0,        0,        0,        0,         0,         0,    	      0,
0,       0,        0,        0,        0,         0,         0,    	      0,
0,       0,        0,        0,        0,         0,         0,    	      0,
0,       0,        0,        0,        0,         0,         0,    	      0,
0,       0,        0,        0,        0,         0,         0,    	      0,
0,       0,        0,        0,        0,         0,         0,    	      0,
0,       0,        0,        0,        0,         0,         0,    	      0,
0,       0,        0,        0,        0,         0,         0,    	      0,
0,       0,        0,        0,        0,         0,         0,    	      0,
0,       0,        0,        0,        0,         0,         0,    	      0,
0,       0,        0,        0,        0,         0,         0,    	      0,
0,       0,        0,        0,        0,         0,         0,    	      0,
0,       0,        0,        0,        0,         0,         0,    	      0,
0,       0,        0,        0,        0,         0,         0,    	      0,
0,       0,        0,        0,        0,         0,         0,    	      0,
0,       0,        0,        0,        0,         0,         0,    	      0,
0,       0,        0,        0,        0,         0,         0,    	      0,
0,       0,        0,        0,        0,         0,         0,    	      0,
0,       0,        0,        0,        0,         0,         0,    	      0,
0,       0,        0,        0,        0,         0,         0,    	      0;             