*300*
    0,    1000,     2000,     4000,     6000,     10000,     17000,      300000,
 6000,      560,      565,      565,      570,         0,         0,           0,
 7000,      560,      570,      570,      575,       580,         0,           0,
 8000,      560,      575,      575,      580,       585,         0,           0,
 9000,      560,      575,      575,      580,       590,       595,           0,
10000,      560,      580,      580,      585,       590,       600,           0,
11000,      565,      580,      580,      590,       595,       605,           0,
12000,      570,      585,      585,      595,       600,       610,           0,
13000,      575,      590,      590,      600,       610,       620,           0,
14000,      580,      595,      595,      605,       615,       625,           0,
15000,      590,      600,      600,      610,       620,       630,           0,
16000,      595,      610,      610,      615,       625,       635,           0,
17000,      600,      620,      620,      620,       630,       640,           0,
18000,      610,      630,      630,      630,       640,       650,           0,                                                                                              
19000,      620,      635,      635,      640,       650,       660,           0,
20000,      630,      640,      640,      650,       660,       670,           0,
21000,      635,      645,      645,      655,       665,       675,           0,
22000,      640,      650,      650,      660,       670,       680,           0,
23000,      645,      655,      655,      665,       675,       685,           0,
24000,      650,      660,      660,      670,       680,       690,           0,
25000,        0,      660,      660,      670,       680,       700,           0,
26000,        0,      670,      665,      675,       685,       710,           0,
27000,        0,        0,      670,      675,       690,       720,           0,
28000,        0,        0,        0,      680,       695,       730,           0,
29000,        0,        0,        0,      680,       700,       740,           0,
30000,        0,        0,        0,        0,       700,       750,           0,
31000,        0,        0,        0,        0,       710,       750,           0,
32000,        0,        0,        0,        0,       720,       750,           0,
33000,        0,        0,        0,        0,       730,       750,           0,
34000,        0,        0,        0,        0,       740,       750,           0,
35000,        0,        0,        0,        0,         0,       750,           0,
36000,        0,        0,        0,        0,         0,       750,           0,
37000,        0,        0,        0,        0,         0,       750,           0,
38000,        0,        0,        0,        0,         0,       750,           0,
39000,        0,        0,        0,        0,         0,       750,           0,
40000,        0,        0,        0,        0,         0,       750,           0,
    0,      0,         0,          0,          0,         0,        0,    	  0,
    0,      0,         0,          0,          0,         0,        0,    	  0,
	0,      0,         0,          0,          0,         0,        0,    	  0,
    0,      0,         0,          0,          0,         0,        0,    	  0,
	0,      0,         0,          0,          0,         0,        0,    	  0,
    0,      0,         0,          0,          0,         0,        0,    	  0,
	0,      0,         0,          0,          0,         0,        0,    	  0,
    0,      0,         0,          0,          0,         0,        0,    	  0,
	0,      0,         0,          0,          0,         0,        0,    	  0,
    0,      0,         0,          0,          0,         0,        0,    	  0,
	0,      0,         0,          0,          0,         0,        0,    	  0,
    0,      0,         0,          0,          0,         0,        0,    	  0,
    0,      0,         0,          0,          0,         0,        0,    	  0,
    0,      0,         0,          0,          0,         0,        0,    	  0,
	0,      0,         0,          0,          0,         0,        0,    	  0,
    0,      0,         0,          0,          0,         0,        0,    	  0,
	0,      0,         0,          0,          0,         0,        0,    	  0,
    0,      0,         0,          0,          0,         0,        0,    	  0,
	0,      0,         0,          0,          0,         0,        0,    	  0,
    0,      0,         0,          0,          0,         0,        0,    	  0,
	0,      0,         0,          0,          0,         0,        0,    	  0,
    0,      0,         0,          0,          0,         0,        0,    	  0,
	0,      0,         0,          0,          0,         0,        0,    	  0,
    0,      0,         0,          0,          0,         0,        0,    	  0,
	0,      0,         0,          0,          0,         0,        0,    	  0,
    0,      0,         0,          0,          0,         0,        0,    	  0,
	0,      0,         0,          0,          0,         0,        0,    	  0,
    0,      0,         0,          0,          0,         0,        0,    	  0,
	0,      0,         0,          0,          0,         0,        0,    	  0,
    0,      0,         0,          0,          0,         0,        0,    	  0,
	0,      0,         0,          0,          0,         0,        0,    	  0,
    0,      0,         0,          0,          0,         0,        0,    	  0,
	0,      0,         0,          0,          0,         0,        0,    	  0,
    0,      0,         0,          0,          0,         0,        0,    	  0,
	0,      0,         0,          0,          0,         0,        0,    	  0,
    0,      0,         0,          0,          0,         0,        0,    	  0,
	0,      0,         0,          0,          0,         0,        0,    	  0,
    0,      0,         0,          0,          0,         0,        0,    	  0,
	0,      0,         0,          0,          0,         0,        0,    	  0;
*150*
    0,    1000,     2000,     4000,     6000,     10000,     17000,      300000,
 6000,      560,      565,      565,      570,         0,         0,           0,
 7000,      560,      570,      570,      575,       580,         0,           0,
 8000,      560,      575,      575,      580,       585,         0,           0,
 9000,      560,      575,      575,      580,       590,       595,           0,
10000,      560,      580,      580,      585,       590,       600,           0,
11000,      565,      580,      580,      590,       595,       605,           0,
12000,      570,      585,      585,      595,       600,       610,           0,
13000,      575,      590,      590,      600,       610,       620,           0,
14000,      580,      595,      595,      605,       615,       625,           0,
15000,      590,      600,      600,      610,       620,       630,           0,
16000,      595,      610,      610,      615,       625,       635,           0,
17000,      600,      620,      620,      620,       630,       640,           0,
18000,      610,      630,      630,      630,       640,       650,           0,                                                                                              
19000,      620,      635,      635,      640,       650,       660,           0,
20000,      630,      640,      640,      650,       660,       670,           0,
21000,      635,      645,      645,      655,       665,       675,           0,
22000,      640,      650,      650,      660,       670,       680,           0,
23000,      645,      655,      655,      665,       675,       685,           0,
24000,      650,      660,      660,      670,       680,       690,           0,
25000,        0,      660,      660,      670,       680,       700,           0,
26000,        0,      670,      665,      675,       685,       710,           0,
27000,        0,        0,      670,      675,       690,       720,           0,
28000,        0,        0,        0,      680,       695,       730,           0,
29000,        0,        0,        0,      680,       700,       740,           0,
30000,        0,        0,        0,        0,       700,       750,           0,
31000,        0,        0,        0,        0,       710,       750,           0,
32000,        0,        0,        0,        0,       720,       750,           0,
33000,        0,        0,        0,        0,       730,       750,           0,
34000,        0,        0,        0,        0,       740,       750,           0,
35000,        0,        0,        0,        0,         0,       750,           0,
36000,        0,        0,        0,        0,         0,       750,           0,
37000,        0,        0,        0,        0,         0,       750,           0,
38000,        0,        0,        0,        0,         0,       750,           0,
39000,        0,        0,        0,        0,         0,       750,           0,
40000,        0,        0,        0,        0,         0,       750,           0,
 0,      0,         0,          0,          0,         0,        0,    	  0;
    0,      0,         0,          0,          0,         0,        0,    	  0,
	0,      0,         0,          0,          0,         0,        0,    	  0,
    0,      0,         0,          0,          0,         0,        0,    	  0,
	0,      0,         0,          0,          0,         0,        0,    	  0,
    0,      0,         0,          0,          0,         0,        0,    	  0,
	0,      0,         0,          0,          0,         0,        0,    	  0,
    0,      0,         0,          0,          0,         0,        0,    	  0,
	0,      0,         0,          0,          0,         0,        0,    	  0,
    0,      0,         0,          0,          0,         0,        0,    	  0,
	0,      0,         0,          0,          0,         0,        0,    	  0,
    0,      0,         0,          0,          0,         0,        0,    	  0,
    0,      0,         0,          0,          0,         0,        0,    	  0,
    0,      0,         0,          0,          0,         0,        0,    	  0,
	0,      0,         0,          0,          0,         0,        0,    	  0,
    0,      0,         0,          0,          0,         0,        0,    	  0,
	0,      0,         0,          0,          0,         0,        0,    	  0,
    0,      0,         0,          0,          0,         0,        0,    	  0,
	0,      0,         0,          0,          0,         0,        0,    	  0,
    0,      0,         0,          0,          0,         0,        0,    	  0,
	0,      0,         0,          0,          0,         0,        0,    	  0,
    0,      0,         0,          0,          0,         0,        0,    	  0,
	0,      0,         0,          0,          0,         0,        0,    	  0,
    0,      0,         0,          0,          0,         0,        0,    	  0,
	0,      0,         0,          0,          0,         0,        0,    	  0,
    0,      0,         0,          0,          0,         0,        0,    	  0,
	0,      0,         0,          0,          0,         0,        0,    	  0,
    0,      0,         0,          0,          0,         0,        0,    	  0,
	0,      0,         0,          0,          0,         0,        0,    	  0,
    0,      0,         0,          0,          0,         0,        0,    	  0,
	0,      0,         0,          0,          0,         0,        0,    	  0,
    0,      0,         0,          0,          0,         0,        0,    	  0,
	0,      0,         0,          0,          0,         0,        0,    	  0,
    0,      0,         0,          0,          0,         0,        0,    	  0,
	0,      0,         0,          0,          0,         0,        0,    	  0,
    0,      0,         0,          0,          0,         0,        0,    	  0,
	0,      0,         0,          0,          0,         0,        0,    	  0,
    0,      0,         0,          0,          0,         0,        0,    	  0,
	0,      0,         0,          0,          0,         0,        0,    	  0;
*420*
    0,    1000,     2000,     4000,     6000,     10000,     17000,      300000,
 6000,      560,      565,      565,      570,         0,         0,           0,
 7000,      560,      570,      570,      575,       580,         0,           0,
 8000,      560,      575,      575,      580,       585,         0,           0,
 9000,      560,      575,      575,      580,       590,         0,           0,
10000,      560,      580,      580,      585,       590,         0,           0,
11000,      565,      580,      580,      590,       595,       605,           0,
12000,      570,      585,      585,      595,       600,       610,           0,
13000,      575,      590,      590,      600,       610,       620,           0,
14000,      580,      595,      595,      605,       615,       625,           0,
15000,      590,      600,      600,      610,       620,       630,           0,
16000,      595,      610,      610,      615,       625,       635,           0,
17000,      600,      620,      620,      620,       630,       640,           0,
18000,      610,      630,      630,      630,       640,       650,           0,                                                                                              
19000,      620,      635,      635,      640,       650,       660,           0,
20000,      630,      640,      640,      650,       660,       670,           0,
21000,      635,      645,      645,      655,       665,       675,           0,
22000,      640,      650,      650,      660,       670,       680,           0,
23000,      645,      655,      655,      665,       675,       685,           0,
24000,      650,      660,      660,      670,       680,       690,           0,
25000,        0,      660,      660,      670,       680,       700,           0,
26000,        0,      670,      665,      675,       685,       710,           0,
27000,        0,        0,      670,      675,       690,       720,           0,
28000,        0,        0,        0,      680,       695,       730,           0,
29000,        0,        0,        0,      680,       700,       740,           0,
30000,        0,        0,        0,        0,       700,       750,           0,
31000,        0,        0,        0,        0,       710,       750,           0,
32000,        0,        0,        0,        0,       720,       750,           0,
33000,        0,        0,        0,        0,       730,       750,           0,
34000,        0,        0,        0,        0,       740,       750,           0,
35000,        0,        0,        0,        0,         0,       750,           0,
36000,        0,        0,        0,        0,         0,       750,           0,
37000,        0,        0,        0,        0,         0,       750,           0,
38000,        0,        0,        0,        0,         0,       750,           0,
39000,        0,        0,        0,        0,         0,       750,           0,
40000,        0,        0,        0,        0,         0,       750,           0,
0,       0,        0,        0,        0,         0,         0,    	      0,
0,       0,        0,        0,        0,         0,         0,    	      0,
0,       0,        0,        0,        0,         0,         0,    	      0,
0,       0,        0,        0,        0,         0,         0,    	      0,
0,       0,        0,        0,        0,         0,         0,    	      0,
0,       0,        0,        0,        0,         0,         0,    	      0,
0,       0,        0,        0,        0,         0,         0,    	      0,
0,       0,        0,        0,        0,         0,         0,    	      0,
0,       0,        0,        0,        0,         0,         0,    	      0,
0,       0,        0,        0,        0,         0,         0,    	      0,
0,       0,        0,        0,        0,         0,         0,    	      0,
0,       0,        0,        0,        0,         0,         0,    	      0,
0,       0,        0,        0,        0,         0,         0,    	      0,
0,       0,        0,        0,        0,         0,         0,    	      0,
0,       0,        0,        0,        0,         0,         0,    	      0,
0,       0,        0,        0,        0,         0,         0,    	      0,
0,       0,        0,        0,        0,         0,         0,    	      0,
0,       0,        0,        0,        0,         0,         0,    	      0,
0,       0,        0,        0,        0,         0,         0,    	      0,
0,       0,        0,        0,        0,         0,         0,    	      0,
0,       0,        0,        0,        0,         0,         0,    	      0,
0,       0,        0,        0,        0,         0,         0,    	      0,
0,       0,        0,        0,        0,         0,         0,    	      0,
0,       0,        0,        0,        0,         0,         0,    	      0,
0,       0,        0,        0,        0,         0,         0,    	      0,
0,       0,        0,        0,        0,         0,         0,    	      0,
0,       0,        0,        0,        0,         0,         0,    	      0,
0,       0,        0,        0,        0,         0,         0,    	      0,
0,       0,        0,        0,        0,         0,         0,    	      0,
0,       0,        0,        0,        0,         0,         0,    	      0,
0,       0,        0,        0,        0,         0,         0,    	      0,
0,       0,        0,        0,        0,         0,         0,    	      0,
0,       0,        0,        0,        0,         0,         0,    	      0,
0,       0,        0,        0,        0,         0,         0,    	      0,
0,       0,        0,        0,        0,         0,         0,    	      0,
0,       0,        0,        0,        0,         0,         0,    	      0,
0,       0,        0,        0,        0,         0,         0,    	      0,
0,       0,        0,        0,        0,         0,         0,    	      0,
0,       0,        0,        0,        0,         0,         0,    	      0;