*300*
    0,   1000,      2000,       4000,       6000,     10000,    17000,    30000,
12000,    420,       420,          0,          0,         0,        0,    	  0,
13000,    430,       430,        460,          0,         0,        0,    	  0,
14000,    440,       440,        468,          0,         0,        0,    	  0,
14000,    440,       440,        468,          0,         0,        0,    	  0,
15000,    450,       450,        476,          0,         0,        0,    	  0,
16000,    460,       460,        484,        440,         0,        0,    	  0,
17000,    470,       470,        492,        448,         0,        0,    	  0,
18000,    480,       480,        501,        457,         0,        0,    	  0,
19000,    490,       490,        510,        466,       466,        0,    	  0,
20000,    500,       500,        519,        475,       469,        0,    	  0,
21000,    510,       510,        528,        484,       472,        0,    	  0,
22000,    520,       520,        538,        493,       475,        0,    	  0,
23000,    530,       530,        548,        502,       481,        0,    	  0,
24000,    540,       540,        558,        511,       487,        0,    	  0,
25000,    550,       550,        568,        520,       493,        0,    	  0,
26000,    560,       560,        578,        529,       499,      580,    	  0,
27000,    570,       570,        588,        538,       505,      586,    	  0,
28000,    580,       580,        598,        547,       514,      592,    	  0,
29000,    582,       594,        608,        556,       523,      598,    	  0,
30000,    584,       608,        618,        565,       532,      605,    	  0,
31000,    586,       622,        628,        574,       541,      612,    	  0,
32000,    588,       636,        638,        583,       550,      619,    	  0,
33000,    590,       650,        648,        592,       559,      627,    	  0,
34000,    592,       664,        658,        601,       568,      635,    	700,
35000,    594,       678,        668,        610,       577,      643,    	707,
36000,    596,       692,        678,        619,       586,      651,    	714,
37000,    598,       706,        688,        628,       595,      660,    	721,
38000,      0,       698,        637,        605,       669,      728,    	728,
39000,      0,       708,        646,        615,       678,      736,    	736,
40000,      0,       718,        655,        625,       687,      744,    	744,
41000,      0,       728,        664,        635,       697,      750,    	750,
42000,      0,       738,        673,        645,       707,      750,    	750,
43000,      0,       748,        682,        655,       717,      750,    	750,
44000,      0,       750,        691,        665,       727,      750,    	750,
45000,      0,       750,        700,        675,       738,      750,    	750,
46000,      0,       750,        709,        686,       749,      750,    	750,
47000,      0,       750,        718,        697,       750,      750,    	750,
48000,      0,       750,        728,        708,       750,      750,    	750,
49000,      0,       750,        738,        719,       750,      750,    	750,
50000,      0,       750,        748,        730,       750,      750,    	750,
51000,      0,       750,        750,        741,       750,      750,    	750,
52000,      0,       750,        750,        750,       750,      750,    	750,
53000,      0,       750,        750,        750,       750,      750,    	750,
54000,      0,       750,        750,        750,       750,      750,    	750,
55000,      0,         0,        750,        750,       750,      750,    	750,
56000,      0,         0,        750,        750,       750,      750,    	750,
57000,      0,         0,        750,        750,       750,      750,    	750,
58000,      0,         0,        750,        750,       750,      750,    	750,
59000,      0,         0,          0,          0,       750,      750,    	750,
60000,      0,         0,          0,          0,       750,      750,    	750,
61000,      0,         0,          0,          0,       750,      750,    	750,
62000,      0,         0,          0,          0,       750,      750,    	750,
63000,      0,         0,          0,          0,       750,      750,    	750,
64000,      0,         0,          0,          0,       750,      750,    	750,
65000,      0,         0,          0,          0,       750,      750,    	750,
66000,      0,         0,          0,          0,       750,      750,    	750,
67000,      0,         0,          0,          0,       750,      750,    	  0,
68000,      0,         0,          0,          0,       750,      750,    	  0,
69000,      0,         0,          0,          0,         0,      750,    	  0,
70000,      0,         0,          0,          0,         0,      750,    	  0,
71000,      0,         0,          0,          0,         0,      750,    	  0,
72000,      0,         0,          0,          0,         0,      750,    	  0,
73000,      0,         0,          0,          0,         0,      750,    	  0,
    0,      0,         0,          0,          0,         0,        0,    	  0,
    0,      0,         0,          0,          0,         0,        0,    	  0,
    0,      0,         0,          0,          0,         0,        0,    	  0,
    0,      0,         0,          0,          0,         0,        0,    	  0,
    0,      0,         0,          0,          0,         0,        0,    	  0,
    0,      0,         0,          0,          0,         0,        0,    	  0,
    0,      0,         0,          0,          0,         0,        0,    	  0,
    0,      0,         0,          0,          0,         0,        0,    	  0,
    0,      0,         0,          0,          0,         0,        0,    	  0,
    0,      0,         0,          0,          0,         0,        0,    	  0,
    0,      0,         0,          0,          0,         0,        0,    	  0;
*150*
    0,   1000,      2000,       4000,       6000,     10000,    17000,    30000,
10000,	  400,		     0,		       0,		       0,		      0,		    0,		    0,
11000,	  410,		    410,		     0,		       0,		      0,		    0,		    0, 
12000,	  420,		    420,		   450,		       0,		      0,		    0,		    0, 
13000,	  430,		    430,		   460,		       0,		      0,		    0,		    0, 
14000,	  440,		    440,		   468,		     424,		      0,		    0,		    0, 
15000,	  450,		    450,		   476,		     432,		      0,		    0,		    0, 
16000,	  460,		    460,		   484,		     440,		    457,		    0,		    0, 
17000,	  470,		    470,		   492,		     448,		    460,		    0,		    0, 
18000,	  480,		    480,		   501,		     457,		    463,		    0,		    0, 
19000,	  490,		    490,		   510,		     466,		    466,		    0,		    0, 
20000,	  500,		    500,		   519,		     475,		    469,		    0,		    0, 
21000,	  510,		    510,		   528,		     484,		    472,		    0,		    0, 
22000,	  520,		    520,		   538,		     493,		    475,	    556,		    0, 
23000,	  530,		    530,		   548,		     502,		    481,	    562,		    0, 
24000,	  540,		    540,		   558,		     511,		    487,	    568,		    0, 
25000,	  550,		    550,		   568,		     520,		    493,	    574,		    0, 
26000,	  560,		    560,		   578,		     529,		    499,	    580,		    0, 
27000,	  570,		    570,		   588,		     538,		    505,	    586,		    0, 
28000,	  580,		    580,		   598,		     547,		    514,	    592,		    0, 
29000,	  582,		    594,		   608,		     556,		    523,	    598,		  668, 
30000,	  584,		    608,		   618,		     565,		    532,	    605,		  674, 
31000,	  586,		    622,		   628,		     574,		    541,	    612,		  680, 
32000,	    0,		    636,		   638,		     583,		    550,	    619,		  686, 
33000,	    0,		    650,		   648,		     592,		    559,	    627,		  693, 
34000,	    0,		    664,		   658,		     601,		    568,	    635,		  700, 
35000,	    0,		      0,		   678,		     610,		    577,	    643,		  707, 
36000,	    0,		      0,		   688,		     619,		    586,	    651,		  714, 
37000,	    0,		      0,		   698,		     628,		    595,	    660,		  721,
38000,	    0,		      0,		   708,		     637,		    605,	    669,		  728,
39000,		  0,		      0,		   718,		     646,		    615,	    678,		  736, 
40000,		  0,		      0,		   728,		     655,		    625,	    687,		  744, 
41000,		  0,		      0,		   738,		     664,		    635,	    697,		  750, 
42000,		  0,		      0,		   748,		     673,		    645,	    707,		  750, 
43000,		  0,		      0,		   750,		     682,		    655,	    717,		  750, 
44000,		  0,		      0,		   750,		     691,		    665,	    727,		  750, 
45000,		  0,		      0,		   750,		     700,		    675,	    738,		  750, 
46000,		  0,		      0,		     0,		     709,		    686,	    749,		  750, 
47000,		  0,		      0,		     0,		     718,		    697,	    750,		  750, 
48000,		  0,		      0,		     0,		     728,		    708,	    750,		  750, 
49000,		  0,		      0,		     0,		     738,		    719,	    750,		  750, 
50000,		  0,		      0,		     0,		       0,		    730,	    750,		  750, 
51000,		  0,		      0,		     0,		       0,		    741,	    750,		  750, 
52000,		  0,		      0,		     0,		       0,		    750,	    750,		  750, 
53000,		  0,		      0,		     0,		       0,		    750,	    750,		  750, 
54000,		  0,		      0,		     0,		       0,		    750,	    750,		  750, 
55000,		  0,		      0,		     0,		       0,		      0,		    0,		    0, 
56000,		  0,		      0,		     0,		       0,		      0,		    0,		    0, 
57000,		  0,		      0,		     0,		       0,		      0,		    0,		    0, 
58000,		  0,		      0,		     0,		       0,		      0,		    0,		    0, 
59000,		  0,		      0,		     0,		       0,		      0,		    0,		    0, 
60000,		  0,		      0,		     0,		       0,		      0,		    0,		    0, 
61000,		  0,		      0,		     0,		       0,		      0,		    0,		    0, 
62000,		  0,		      0,		     0,		       0,		      0,		    0,		    0, 
63000,		  0,		      0,		     0,		       0,		      0,		    0,		    0, 
64000,		  0,		      0,		     0,		       0,		      0,		    0,		    0, 
65000,		  0,		      0,		     0,		       0,		      0,		    0,		    0, 
66000,		  0,		      0,		     0,		       0,		      0,		    0,		    0, 
67000,		  0,		      0,		     0,		       0,		      0,		    0,		    0, 
68000,		  0,		      0,		     0,		       0,		      0,		    0,		    0, 
69000,		  0,		      0,		     0,		       0,		      0,		    0,		    0, 
70000,		  0,		      0,		     0,		       0,		      0,		    0,		    0, 
71000,		  0,		      0,		     0,		       0,		      0,		    0,		    0, 
72000,		  0,		      0,		     0,		       0,		      0,		    0,		    0, 
73000,		  0,		      0,		     0,		       0,		      0,		    0,		    0, 
74000,		  0,		      0,		     0,		       0,		      0,		    0,		    0, 
75000,		  0,		      0,		     0,		       0,		      0,		    0,		    0; 
    0,      0,          0,         0,          0,         0,        0,    	  0;
    0,      0,          0,         0,          0,         0,        0,    	  0;
    0,      0,          0,         0,          0,         0,        0,    	  0;
    0,      0,          0,         0,          0,         0,        0,    	  0;
    0,      0,          0,         0,          0,         0,        0,    	  0;
    0,      0,          0,         0,          0,         0,        0,    	  0;
    0,      0,          0,         0,          0,         0,        0,    	  0;
    0,      0,          0,         0,          0,         0,        0,    	  0;
*420*
	0,     1000,       2000,      4000,       6000,     10000,    17000,    30000,
12000,	    0,			    0,			   0,			     0,		      0,	      0,		    0,
13000,	    0,			    0,			   0,			     0,		      0,	      0,		    0,
14000,	    0,			    0,			   0,			     0,		      0,	      0,		    0,
15000,	  450,			    0,			   0,			     0,		      0,	      0,		    0,
16000,	  460,		    460,			   0,			     0,		      0,	      0,		    0,
17000,	  470,		    470,			   0,			     0,		      0,	      0,		    0,
18000,	  480,		    480,		   500,		     466,		    466,	      0,		    0,
19000,	  490,		    490,		   510,		     475,		    469,	      0,		    0,
20000,	  500,		    500,		   519,		     484,		    472,	      0,		    0,
21000,	  510,		    510,		   528,		     493,		    475,	      0,		    0,
22000,	  520,		    520,		   538,		     502,		    478,	      0,		    0,
23000,	  530,		    530,		   548,		     511,		    481,	      0,		    0,
24000,	  540,		    540,		   558,		     520,		    487,	      0,		    0,
25000,	  550,		    550,		   568,		     529,		    493,	      0,		    0,
26000,	  560,		    560,		   578,		     538,		    505,	    580,		    0,
27000,	  570,		    570,		   588,		     547,		    514,	    586,		    0,
28000,	  580,		    580,		   598,		     556,		    523,	    592,		    0,
29000,	  582,		    594,		   608,		     565,		    532,	    598,		    0,
30000,	  584,		    608,		   618,		     574,		    541,	    605,		    0,
31000,	  586,		    622,		   628,		     583,		    550,	    612,		    0,
32000,	  588,		    636,		   638,		     592,		    559,	    619,		    0,
33000,	  590,		    650,		   648,		     601,		    568,	    627,		    0,
34000,	  592,		    664,		   658,		     610,		    577,	    635,		    0,
35000,	  594,		    678,		   668,		     619,		    586,	    643,		    0,
36000,	  596,		    692,		   678,		     628,		    595,	    651,		  600,
37000,	  598,		    706,		   688,		     637,		    605,	    660,		  604,
38000,	  600,		    720,		   698,		     646,		    615,	    669,		  608,
39000,	  602,		    734,		   708,		     655,		    625,	    678,		  612,
40000,	  604,		    748,		   718,		     664,		    635,	    687,		  616,
41000,	  606,		    750,		   728,		     673,		    645,	    697,		  620,
42000,	    0,		    750,		   738,		     682,		    655,	    707,		  624,
43000,	    0,		    750,		   748,		     691,		    665,	    717,		  628,
44000,	    0,		    750,		   750,		     700,		    675,	    727,		  632,
45000,	    0,		    750,		   750,		     709,		    686,	    738,		  636,
46000,	    0,		    750,		   750,		     718,		    697,	    749,		  640,
47000,	    0,		    750,		   750,		     728,		    708,	    750,		  644,
48000,	    0,		    750,		   750,		     738,		    719,	    750,		  648,
49000,	    0,		    750,		   750,		     748,		    730,	    750,		  652,
50000,	    0,		    750,		   750,		     750,		    741,	    750,		  656,
51000,	    0,		    750,		   750,		     750,		    750,	    750,		  660,
52000,	    0,			    0,		   750,		     750,		    750,	    750,		  664,
53000,	    0,			    0,		   750,		     750,		    750,	    750,		  668,
54000,	    0,			    0,		   750,		     750,		    750,	    750,		  672,
55000,	    0,			    0,			   0,		     750,		    750,	    750,		  676,
56000,	    0,			    0,			   0,		     750,		    750,	    750,		  680,
57000,	    0,			    0,			   0,		     750,		    750,	    750,		  684,
58000,	    0,			    0,			   0,		     750,		    750,	    750,		  688,
59000,	    0,			    0,			   0,		       0,		    750,	    750,		  692,
60000,	    0,			    0,			   0,		       0,		    750,	    750,		  696,
61000,	    0,			    0,			   0,		       0,		    750,	    750,		  700,
62000,	    0,			    0,			   0,		       0,		    750,	    750,		  704,
63000,	    0,			    0,			   0,		       0,		    750,	    750,		  708,
64000,	    0,			    0,			   0,		       0,		    750,	    750,		  716,
65000,	    0,			    0,			   0,		       0,		    750,	    750,		  720,
66000,	    0,			    0,			   0,		       0,		    750,	    750,		  724,
67000,	    0,			    0,			   0,		       0,		    750,	    750,		  728,
68000,	    0,			    0,			   0,		       0,		    750,	    750,		  736,
69000,	    0,			    0,			   0,		       0,		    750,	    750,		  740,
70000,	    0,			    0,			   0,		       0,		      0,		    0,		    0,
71000,	    0,			    0,			   0,		       0,		      0,		    0,		    0,
72000,	    0,			    0,			   0,		       0,		      0,		    0,		    0,
73000,	    0,			    0,			   0,		       0,		      0,		    0,		    0,
74000,	    0,			    0,			   0,		       0,		      0,		    0,		    0,
75000,	    0,			    0,			   0,		       0,		      0,		    0,		    0;
    0,      0,          0,         0,          0,         0,        0,    	  0;
    0,      0,          0,         0,          0,         0,        0,    	  0;
    0,      0,          0,         0,          0,         0,        0,    	  0;
    0,      0,          0,         0,          0,         0,        0,    	  0;
    0,      0,          0,          0,          0,        0,        0,    	  0;
    0,      0,          0,          0,          0,        0,        0,    	  0;
    0,      0,          0,          0,          0,        0,        0,    	  0;
    0,      0,          0,          0,          0,        0,        0,    	  0;
    0,      0,          0,          0,          0,        0,        0,    	  0;
    0,      0,          0,          0,          0,        0,        0,    	  0;
*640*
    0,   1000,       2000,       4000,       6000,    10000,    17000,    30000,
12000,		  0,		      0,		      0,			    0,		    0,	 	    0,        0,
13000,		  0,		      0,		      0,			    0,		    0,	 	    0,        0,
14000,		  0,		      0,		      0,			    0,		    0,	 	    0,        0,
15000,		  0,		      0,		      0,			    0,		    0,	 	    0,        0,
16000,		  0,		      0,		      0,			    0,		    0,	 	    0,        0,
17000,	  470,		    470,		      0,			    0,		    0,	 	    0,        0,
18000,	  480,		    480,		    500,			    0,		    0,	 	    0,        0,
19000,	  490,		    490,		    510,			    0,		    0,	 	    0,        0,
20000,	  500,		    500,		    519,			    0,		    0,	 	    0,        0,
21000,	  510,		    510,		    528,		    484,		    0,	 	    0,        0,
22000,	  520,		    520,		    538,		    493,		    0,	 	    0,        0,
23000,	  530,		    530,		    548,		    502,		    0,	 	    0,        0,
24000,	  540,		    540,		    558,		    511,		    0,	 	    0,        0,
25000,	  550,		    550,		    568,		    520,		    0,	 	    0,        0,
26000,	  560,		    560,		    578,		    529,		    0,	 	    0,        0,
27000,	  570,		    570,		    588,		    538,		  485,	 	    0,        0,
28000,	  580,		    580,		    598,		    547,		  496,	 	    0,        0,
29000,	  582,		    594,		    608,		    556,		  517,	 	    0,        0,
30000,	  584,		    608,		    618,		    565,		  526,	 	    0,        0,
31000,	  586,		    622,		    628,		    574,		  535,	 	    0,        0,
32000,	  588,		    636,		    638,		    583,		  544,	 	    0,        0,
33000,	  590,		    550,		    648,		    592,		  553,	 	    0,        0,
34000,	  592,		    564,		    658,		    601,		  562,	 	    0,        0,
35000,	  594,		    678,		    668,		    610,		  572,	 	    0,        0,
36000,	  596,		    692,		    678,		    619,		  582,	    558,        0,
37000,	  598,		    706,		    688,		    628,		  591,	    567,        0,
38000,	  600,		    720,		    698,		    637,		  601,	    585,        0,
39000,	  602,		    734,		    708,		    646,		  611,	    594,        0,
40000,	  604,		    748,		    718,		    655,		  621,	    604,        0,
41000,	  606,		    750,		    728,		    664,		  631,	    614,        0,
42000,	  608,		    750,		    738,		    673,		  641,	    624,        0,
43000,	  610,		    750,		    748,		    682,		  651,	    634,        0,
44000,	  612,		    750,		    750,		    691,		  661,	    645,        0,
45000,	  614,		    750,		    750,		    700,		  671,	    656,        0,
46000,	  616,		    750,		    750,		    709,		  682,	    750,        0,
47000,	  618,		    750,		    750,		    718,		  693,	    750,        0,
48000,	  620,		    750,		    750,		    728,		  704,	    750,        0,
49000,	  622,		    750,		    750,		    738,		  715,	    750,        0,
50000,		  0,		      0,		    750,		    748,		  726,	    750,        0,
51000,		  0,		      0,		    750,		    750,		  737,	    750,        0,
52000,		  0,		      0,		      0,		    750,		  750,	    750,        0,
53000,		  0,		      0,		      0,		    750,		  750,	    750,        0,
54000,		  0,		      0,		      0,		    750,		  750,	    750,        0,
55000,		  0,		      0,		      0,			    0,		  750,	    750,        0,
56000,		  0,		      0,		      0,			    0,		  750,	    750,        0,
57000,		  0,		      0,		      0,			    0,		  750,	    750,        0,
58000,		  0,		      0,		      0,			    0,		  750,	    750,        0,
59000,		  0,		      0,		      0,			    0,		  750,	    750,        0,
60000,		  0,		      0,		      0,			    0,		  750,	    750,        0,
61000,		  0,		      0,		      0,			    0,		  750,	    750,        0,
62000,		  0,		      0,		      0,			    0,		  750,	    750,        0,
63000,		  0,		      0,		      0,			    0,		    0,	    750,        0,
64000,		  0,		      0,		      0,			    0,		    0,	    750,        0,
65000,		  0,		      0,		      0,			    0,		    0,	    750,        0,
66000,		  0,		      0,		      0,			    0,		    0,	    750,        0,
67000,		  0,		      0,		      0,			    0,		    0,	    750,        0,
68000,		  0,		      0,		      0,			    0,		    0,	    750,      668,
69000,		  0,		      0,		      0,			    0,		    0,	    750,      670,
70000,		  0,		      0,		      0,			    0,		    0,	    750,      672,
71000,		  0,		      0,		      0,			    0,		    0,	    750,      674,
72000,		  0,		      0,		      0,			    0,		    0,	    750,      676,
73000,		  0,		      0,		      0,			    0,		    0,	    750,      678,
74000,		  0,		      0,		      0,			    0,		    0,	    750,      680,
75000,		  0,		      0,		      0,			    0,		    0,	    750,      682,
76000,		  0,		      0,		      0,			    0,		    0,	 	    0,      684,
77000,		  0,		      0,		      0,			    0,		    0,	 	    0,      686,
78000,		  0,		      0,		      0,			    0,		    0,	 	    0,      688,
79000,		  0,		      0,		      0,			    0,		    0,	 	    0,      690,
80000,		  0,		      0,		      0,			    0,		    0,	 	    0,      692,
81000,		  0,		      0,		      0,			    0,		    0,	 	    0,      694,
82000,		  0,		      0,		      0,			    0,		    0,	 	    0,      696,
83000,		  0,		      0,		      0,			    0,		    0,	 	    0,      698,
84000,		  0,		      0,		      0,			    0,		    0,	 	    0,      700,
85000,		  0,		      0,		      0,			    0,		    0,	 	    0,      703;
*950*
	  0,   1000,       2000,       4000,       6000,    10000,    17000,    30000,
12000,		  0,		      0,		      0,		      0,		    0,		    0, 		    0,
13000,		  0,		      0,		      0,		      0,		    0,		    0, 		    0,
14000,		  0,		      0,		      0,		      0,		    0,		    0, 		    0,
15000,		  0,		      0,		      0,		      0,		    0,		    0, 		    0,
16000,		  0,		      0,		      0,		      0,		    0,		    0, 		    0,
17000,		  0,		      0,		      0,		      0,		    0,		    0, 		    0,
18000,		  0,		      0,		      0,		      0,		    0,		    0, 		    0,
19000,		  0,		      0,		      0,		      0,		    0,		    0, 		    0,
20000,		  0,		      0,		      0,		      0,		    0,		    0, 		    0,
21000,		  0,		      0,		      0,		      0,		    0,		    0, 		    0,
22000,		  0,		      0,		      0,		      0,		    0,		    0, 		    0,
23000,		  0,		      0,		      0,		      0,		    0,		    0, 		    0,
24000,		  0,		      0,		      0,		      0,		    0,		    0, 		    0,
25000,		  0,		      0,		      0,		      0,		    0,		    0, 		    0,
26000,		  0,		      0,		      0,		      0,		    0,		    0, 		    0,
27000,		  0,		      0,		      0,		      0,		    0,		    0, 		    0,
28000,		  0,		      0,		      0,		      0,		    0,		    0, 		    0,
29000,		  0,		      0,		      0,		      0,		    0,		    0, 		    0,
30000,		  0,		      0,		      0,		      0,		    0,		    0, 		    0,
31000,		  0,		      0,		      0,		      0,		    0,		    0, 		    0,
32000,		  0,		      0,		      0,		      0,		    0,		    0, 		    0,
33000,		  0,		      0,		      0,		      0,		    0,		    0, 		    0,
34000,		  0,		      0,		      0,		      0,		    0,		    0, 		    0,
35000,		  0,		      0,		      0,		      0,		    0,		    0, 		    0,
36000,		  0,		      0,		      0,		      0,		    0,		    0, 		    0,
37000,	  650,		    744,		      0,		      0,		    0,		    0, 		    0,
38000,    653,        750,        698,          0,        0,        0,        0,
39000,	  656,		    750,		    708,		      0,		    0,		    0, 		    0,
40000,	  659,		    750,		    718,		      0,		    0,		    0, 		    0,
41000,	  662,		    750,		    728,		      0,		    0,		    0, 		    0,
42000,	  665,		    750,		    738,		    673,		    0,		    0, 		    0,
43000,	  668,		    750,		    748,		    682,		  691,		    0, 		    0,
44000,	  671,		    750,		    750,		    691,		  701,		    0, 		    0,
45000,	  674,		    750,		    750,		    700,		  711,		    0, 		    0,
46000,	  677,		    750,		    750,		    709,		  722,		    0, 		    0,
47000,	  680,		    750,		    750,		    718,		  733,		    0, 		    0,
48000,	  683,		    750,		    750,		    728,		  744,		    0, 		    0,
49000,	  686,		    750,		    750,		    738,		  755,		    0, 		    0,
50000,	  689,		    750,		    750,		    748,		  766,		  755, 		    0,
51000,	  692,		    750,		    750,		    750,		  777,	    755, 		    0,
52000,		  0,		    750,		    750,		    750,		  750,	    755, 		    0,
53000,		  0,		    750,		    750,		    750,		  750,	    755, 		    0,
54000,		  0,		    750,		    750,		    750,		  750,	    755, 		    0,
55000,		  0,		    750,		    750,		    750,		  750,	    755, 		    0,
56000,		  0,		    750,		    750,		    750,		  750,	    755, 		    0,
57000,		  0,		      0,		    750,		    750,		  750,	    755, 		    0,
58000,		  0,		      0,		    750,		    750,		  750,	    755, 		    0,
59000,		  0,		      0,		    750,		    750,		  750,	    755, 		    0,
60000,		  0,		      0,		    750,		    750,		  750,	    755, 		    0,
61000,		  0,		      0,		    750,		    750,		  750,	    755, 		    0,
62000,		  0,		      0,		      0,		    750,		  750,	    755, 		    0,
63000,		  0,		      0,		      0,		    750,		  750,	    755, 		    0,
64000,		  0,		      0,		      0,		      0,		  750,	    755, 		    0,
65000,		  0,		      0,		      0,		      0,		  750,	    755, 		    0,
66000,		  0,		      0,		      0,		      0,		  750,	    755, 		    0,
67000,		  0,		      0,		      0,		      0,		  750,	    755,		    0,
68000,		  0,		      0,		      0,		      0,		  750,	    755,		  550,
69000,		  0,		      0,		      0,		      0,		  750,	    755,		  551,
70000,		  0,		      0,		      0,		      0,		  750,	    755,		  552,
71000,		  0,		      0,		      0,		      0,		    0,	    755,		  553,
72000,		  0,		      0,		      0,		      0,		    0,	    755,		  554,
73000,		  0,		      0,		      0,		      0,		    0,	    755,		  555,
74000,		  0,		      0,		      0,		      0,		    0,	    755,		  556,
75000,		  0,		      0,		      0,		      0,		    0,	    755,		  557,
76000,		  0,		      0,		      0,		      0,		    0,	    755,		  558,
77000,		  0,		      0,		      0,		      0,		    0,	    755,		  559,
78000,		  0,		      0,		      0,		      0,		    0,	    755,		  560,
79000,		  0,		      0,		      0,		      0,		    0, 	      0,		  561,
80000,		  0,		      0,		      0,		      0,		    0, 		  0,		  562,
81000,		  0,		      0,		      0,		      0,		    0, 		  0,		  563,
82000,		  0,		      0,		      0,		      0,		    0, 		  0,		  564,
83000,		  0,		      0,		      0,		      0,		    0, 		  0,		  565,
84000,		  0,		      0,		      0,		      0,		    0, 		  0,		  566,
85000,		  0,		      0,		      0,		      0,		    0, 		  0,		  567,
    0,        0,         	  0,              0,          	  0,       	    0,        0,            0;
    