*300*
    0,  100, 500, 1000, 2000, 4000, 6000, 10000,
   25,	750,	 0,    0,    0,    0,    0,     0,
   50,	750,	 0,    0,    0,    0,    0,     0,
  100,	748, 750,    0,    0,    0,    0,     0,
  200,	746, 747,  750,    0,    0,    0,     0,
  500,	744, 744,  746,  750,  750,    0,     0,
  800,	742, 741,  742,  745,  744,    0,     0,
 1000,	740, 738,	 738,	 740,  738,  750,     0,
 1200,	738, 735,	 734,	 735,  732,  743,     0,
 1500,	736, 732,  730,	 730,  726,  736,     0,
 1800,	734, 729,	 726,	 725,  720,  729,     0,
 2000,	732, 726,	 722,	 720,  714,  722, 	750,
 2200,	730, 723,	 718,	 715,  708,  715,   742,
 2500,	728, 720,	 714,	 710,  702,  708,   734,
 3000,	726, 717,	 710,	 705,  696,  701,   726,
 3500,	724, 714,	 706,	 700,  690,  694,   718,
 4000,	722, 711,	 702,	 695,  684,  687,   710,
 4500,	720, 708,	 698,	 690,  678,  680,   702,
 5000,	718, 705,	 694,	 685,  672,  673,   694,
 5500,	716, 702,	 690,	 680,  666,  666,   686,
 6000,	714, 699,	 686,	 675,  660,  659,   678,
 6500,	712, 696,	 682,	 670,  654,  652,   670,
 7000,	710, 693,	 678,	 665,  648,  645,   662,
 7500,	708, 690,	 674,	 660,  642,  638,   654,
 8000,	706, 687,	 670,	 655,  636,  631,   646,
 8500,	704, 684,	 666,	 650,  630,  624,   638,
 9000,	702, 681,	 662,	 645,  624,  617,   630,
 9500,	700, 678,	 658,	 640,  618,  610, 	622,
10000,	698, 675,	 654,	 635,  612,  603,     0,
10500,	696, 672,	 650,	 630,  606,  596,     0,
11000,	694, 669,	 646,	 625,  600,  589,     0,
11500,	692, 666,	 642,	 620,  594,  582,     0,
12000,	690, 663,	 638,	 615,  588,  575,     0,
12500,	688, 660,	 634,	 610,  582,  568,     0,
13000,	686, 657,	 630,	 605,  576,  561,     0,
13500,	684, 654,	 626,	 600,  570,  554,     0,
14000,	682, 651,	 622,	 595,  564,  547,     0,
14500,	680, 648,	 618,	 590,  558,  540,     0,
15000,	678, 645,	 614,	 585,  552,  533,     0,
15500,	676, 642,	 610,	 580,  546,  526,     0,                                                             
16000,	674, 639,	 606,	 575,  540,  519,     0,
16500,	672, 636,	 602,	 570,	 534,  512,     0,
17000,	670, 633,	 598,	 565,	 528,    0,     0,
17500,	668, 630,	 594,	 560,	 522,    0,     0;
*150*
    0,  100, 500, 1000, 2000, 4000, 6000, 10000,
   25,	750,   0,	   0,    0,    0,    0,     0,
   50,	750,   0,    0,    0,    0,    0,     0,
  100,	748, 750,    0,    0,    0,    0,     0,
  200,	746, 747,  750,    0,    0,    0,     0,
  500,	744, 744,  746,  750,  750,    0,     0,
  800,	742, 741,  742,  745,  744,    0,     0,
 1000,	740, 738,  738,  740,  738,  750,     0,
 1200,	738, 735,  734,  735,  732,  743,     0,
 1500,	736, 732,  730,  730,  726,  736,     0,
 1800,	734, 729,  726,	 725,  720,	 729,	  750,
 2000,	732, 726,	 722,	 720,	 714,	 722,	  750,
 2200,	730, 723,	 718,	 715,	 708,	 715,	  742,
 2500,	728, 720,	 714,	 710,	 702,	 708,	  734
 3000,	726, 717,	 710,	 705,	 696,	 701,	  726,
 3500,	724, 714,	 706,	 700,	 690,	 694,	  718,
 4000,	722, 711,	 702,	 695,	 684,	 687,	  710,
 4500,	720, 708,	 698,	 690,	 678,	 680,	  702,
 5000,	718, 705,	 694,	 685,	 672,	 673,	  694,
 5500,	716, 702,	 690,	 680,	 666,	 666,	  686,
 6000,	714, 699,	 686,	 675,	 660,	 659,	  678,
 6500,	712, 696,	 682,	 670,	 654,	 652,	  670,
 7000,	710, 693,	 678,	 665,	 648,	 645,	  662,
 7500,	708, 690,	 674,	 660,	 642,	 638,	  654,
 8000,	706, 687,	 670,	 655,	 636,	 631,	  646,
 8500,	704, 684,	 666,	 650,	 630,	 624,	    0,
 9000,	702, 681,	 662,	 645,	 624,	 617,	    0,
 9500,	700, 678,	 658,	 640,	 618,	 610,	    0,
10000,	698, 675,	 654,	 635,	 612,	 603,	    0,
10500,	696, 672,	 650,	 630,	 606,	 596,	    0,
11000,	694, 669,	 646,	 625,	 600,	 589,	    0,
11500,	692, 666,	 642,	 620,	 594,	 582,	    0,
12000,	690, 663,	 638,	 615,	 588,	 575,	    0,
12500,	688, 660,	 634,	 610,	 582,	 568,	    0,
13000,	686, 657,	 630,	 605,	 576,	 561,	    0,
13500,	684, 654,	 626,	 600,	 570,	   0,     0,
14000,	682, 651,	 622,	 595,	 564,	   0,     0,
14500,	680, 648,	 618,	 590,	   0,    0,     0,
14700,	678, 645,	 614,	 585,	   0,    0,     0,
15500,	  0,   0,    0,    0,    0,    0,     0,
16000,	  0,   0,    0,    0,    0,    0,     0,
16500,	  0,   0,    0,    0,    0,    0,     0,
17000,	  0,   0,    0,    0,    0,    0,     0,
17500,	  0,   0,    0,    0,    0,    0,     0,
*420*
    0,  100, 500, 1000, 2000, 4000, 6000, 10000,
   25,	750,	 0,    0,    0,    0,    0,     0,
   50,	750,	 0,    0,    0,    0,    0,     0,
  100,	748, 750,    0,    0,    0,    0,     0,
  200,	746, 747,  750,  750,    0,    0,     0,
  500,	744, 744,  746,  750,    0,    0,     0,
  800,	742, 741,  742,  745,  750,    0,     0,
 1000,	740, 738,  738,  740,  744,    0,     0,
 1200,	738, 735,  734,  735,  738,  750,     0,
 1500,	736, 732,  730,  730,  732,  743,     0,
 1800,	734, 729,  726,  725,  726,  736,     0,
 2000,	732, 726,  722,  720,	 720,  729,     0,
 2200,	730, 723,	 718,	 715,  714,  722,   750,
 2500,	728, 720,	 714,	 710,  708,  715,   742,
 3000,	726, 717,	 710,	 705,  702,  708,   734,
 3500,	724, 714,	 706,	 700,  696,  701,   726,
 4000,	722, 711,	 702,	 695,  690,  694,   718,
 4500,	720, 708,	 698,	 690,  684,  687,   710,
 5000,	718, 705,	 694,	 685,  678,  680,   702,
 5500,	716, 702,	 690,	 680,  672,  673,   694,
 6000,	714, 699,	 686,	 675,  666,  666,   686,
 6500,	712, 696,	 682,	 670,  660,  659,   678,
 7000,	710, 693,	 678,	 665,  654,  652,   670,
 7500,	708, 690,	 674,	 660,  648,  645,   662,
 8000,	706, 687,	 670,	 655,  642,  638,   654,
 8500,	704, 684,	 666,	 650,  636,  631,   646,
 9000,	702, 681,	 662,	 645,  630,  624,   638,
 9500,	700, 678,	 658,	 640,  624,  617,   630,
10000,	698, 675,	 654,	 635,  618,  610,   622,
10500,	696, 672,	 650,	 630,  612,  603,   614,
11000,	694, 669,	 646,	 625,  606,  596,   606,
11500,	692, 666,	 642,	 620,  600,  589,     0,
12000,	690, 663,	 638,	 615,  594,  582,     0,
12500,	688, 660,	 634,	 610,  588,  575,     0,
13000,	686, 657,	 630,	 605,  582,  568,     0,
13500,	684, 654,	 626,	 600,  576,  561,     0,
14000,	682, 651,	 622,	 595,  570,  554,     0,
14500,	680, 648,	 618,	 590,  564,  547,     0,
15000,	678, 645,	 614,	 585,  558,  540,     0,
15500,	676, 642,	 610,	 580,  552,  533,     0,
16000,	674, 639,	 606,	 575,  546,  526,     0,
16500,	672, 636,	 602,	 570,  540,  519,     0,
17000,	670, 633,	 598,	 565,  534,  512,     0,
17500,	668, 630,	 594,	 560,  528,  505,     0,
    0,    0,   0,      0,      0,    0,    0, 	  0,
    0,    0,   0,      0,      0,    0,    0, 	  0;
 