*300*
   0, 100, 500, 1000, 2000, 4000, 6000,
  25,	800,	 0,    0,    0,    0,    0,
  50,	800, 800,    0,    0,    0,    0,
 100,	798, 797,  800,    0,    0,    0,
 200,	796, 794,  796,  800,    0,    0,
 500,	794, 791,  792,  795,  800,  800,
 800,	792, 788,  788,  790,  794,  800,
1000,	790, 785,  784,  785,  788,  793,
1200,	788, 782,  780,  780,  782,  786,
1500,	786, 779,  776,  775,  776,  779,
1800,	784, 776,  772,  770,  770,  772,
2000,	782, 773,  768,  765,  764,  765,
2200,	780, 770,  764,  760,  758,  758,
2500,	778, 767,  760,  755,  752,  751,
3000,	776, 764,  756,  750,  746,  744,
3500,	774, 761,  752,  745,  740,    0,
4000,	772, 758,  748,  740,  734,    0,
4500,	770, 755,	 744,  735,  728,    0,
5000,	768, 752,	 740,  730,  722,    0,
5500,	766, 749,	 736,  725,  716,    0,
6000,	764, 746,	 732,  720,  710,    0,
6500,	762, 743,	 728,  715,  704,    0,
7000,	760, 740,	 724,  710,    0,    0,
7500,	758, 737,	 720,  705,    0,    0,
8000,	756, 734,	 716,  700,    0,    0,
8500,	754, 731,	 712,    0,    0,    0,
9000,	  0,   0,	   0,    0,    0,    0,
9500,	  0,   0,	   0,    0,    0,    0;
*150*
   0, 100, 500, 1000, 2000, 4000, 6000,
  25,	800,	 0,    0,    0,    0,    0,
  50,	800, 800,    0,    0,    0,    0,
 100,	798, 797,  800,    0,    0,    0,
 200,	796, 794,  796,  800,    0,    0,
 500,	794, 791,  792,  795,  800,  800,
 800,	792, 788,  788,  790,  794,  793,
1000,	790, 785,  784,  785,  788,  786,
1200,	788, 782,  780,  780,  782,  779,
1500,	786, 779,  776,  775,  776,  772,
1800,	784, 776,  772,  770,  770,  765,
2000,	782, 773,  768,  765,  764,  758,
2200,	780, 770,  764,  760,  758,  751,
2500,	778, 767,  760,  755,  752,  744,
3000,	776, 764,  756,  750,  746,    0,
3500,	774, 761,  752,  745,  740,    0,
4000,	772, 758,  748,  740,  734,    0,
4500,	770, 755,  744,  735,  728,    0,
5000,	768, 752,  740,  730,  722,    0,
5500,	766, 749,  736,  725,  716,    0,
6000,	764, 746,  732,  720,    0,    0,
6500,	762, 743,  728,  715,    0,    0,
7000,	760, 740,  724,  710,    0,    0,
7500,	758,   0,    0,    0,    0,    0,
8000,	  0,   0,    0,    0,    0,    0,
8500,	  0,   0,    0,    0,    0,    0,
9000,	  0,   0,    0,    0,    0,    0,
9500,	  0,   0,    0,    0,    0,    0;
*420*
   0, 100, 500, 1000, 2000, 4000, 6000,
  25,	800,   0,    0,    0,    0,    0,							
  50,	800, 800,    0,    0,    0,    0,		
 100,	798, 797,  800,    0,    0,    0,		
 200,	796, 794,  796,  800,    0,    0,		
 500,	794, 791,  792,  795,  800,  800,
 800,	792, 788,  788,  790,  794,  793,
1000,	790, 785,  784,  785,  788,  786,
1200,	788, 782,  780,  780,  782,  779,
1500,	786, 779,  776,  775,  776,  772,
1800,	784, 776,  772,  770,  770,  765,
2000,	782, 773,  768,  765,  764,  758,
2200,	780, 770,  764,  760,  758,  751,
2500,	778, 767,  760,  755,  752,  744,
3000,	776, 764,  756,  750,  746,  737,
3500,	774, 761,  752,  745,  740,  730,
4000,	772, 758,  748,  740,  734,    0,
4500,	770, 755,  744,  735,  728,    0,
5000,	768, 752,  740,  730,  722,    0,
5500,	766, 749,  736,  725,  716,    0,
6000,	764, 746,  732,  720,  710,    0,
6500,	762, 743,  728,  715,  704,    0,
7000,	760, 740,  724,  710,  698,    0,
7500,	758, 737,  720,  705,  692,    0,
8000,	756, 734,  716,  700,    0,    0,
8500,	754, 731,  712,  695,    0,    0,
9000,	752, 728,  708,  690,    0,    0,
9500,	750, 725,  704,  685,    0,    0,
0,       0,    0,    0,    0,    0,    0,
0,       0,    0,    0,    0,    0,    0;
