-81.9708,23.9087,*85382.1**79107*72312.7*64275.7*53310.9*
-81.9568,23.9086,*85382.1**79107*72312.7*64275.7*53310.9*
-81.9429,23.9083,*85382.1**79107*72312.7*64275.7*53310.9*
-81.9289,23.9077,*85382.1**79107*72312.7*64275.7*53310.9*
-81.9149,23.9069,*85382.1**79107*72312.7*64275.7*53310.9*
-81.901,23.9058,*85382.1**79107*72312.7*64275.7*53310.9*
-81.8871,23.9045,*85382.1**79107*72312.7*64275.7*53310.9*
-81.8732,23.903,*85382.1**79107*72312.7*64275.7*53310.9*
-81.8593,23.9012,*85382.1**79107*72312.7*64275.7*53310.9*
-81.8455,23.8992,*85382.1**79107*72312.7*64275.7*53310.9*
-81.8317,23.897,*85382.1**79107*72312.7*64275.7*53310.9*
-81.8179,23.8946,*85382.1**79107*72312.7*64275.7*53310.9*
-81.8042,23.8919,*85382.1**79107*72312.7*64275.7*53310.9*
-81.7906,23.889,*85382.1**79107*72312.7*64275.7*53310.9*
-81.777,23.8858,*85382.1**79107*72312.7*64275.7*53310.9*
-81.7634,23.8825,*85382.1**79107*72312.7*64275.7*53310.9*
-81.75,23.8789,*85382.1**79107*72312.7*64275.7*53310.9*
-81.7366,23.875,*85382.1**79107*72312.7*64275.7*53310.9*
-81.7232,23.871,*85382.1**79107*72312.7*64275.7*53310.9*
-81.71,23.8667,*85382.1**79107*72312.7*64275.7*53310.9*
-81.6968,23.8622,*85382.1**79107*72312.7*64275.7*53310.9*
-81.6837,23.8575,*85382.1**79107*72312.7*64275.7*53310.9*
-81.6707,23.8526,*85382.1**79107*72312.7*64275.7*53310.9*
-81.6578,23.8474,*85382.1**79107*72312.7*64275.7*53310.9*
-81.6449,23.842,*85382.1**79107*72312.7*64275.7*53310.9*
-81.6322,23.8365,*85382.1**79107*72312.7*64275.7*53310.9*
-81.6196,23.8307,*85382.1**79107*72312.7*64275.7*53310.9*
-81.6071,23.8247,*85382.1**79107*72312.7*64275.7*53310.9*
-81.5947,23.8184,*85382.1**79107*72312.7*64275.7*53310.9*
-81.5824,23.812,*85382.1**79107*72312.7*64275.7*53310.9*
-81.5703,23.8054,*85382.1**79107*72312.7*64275.7*53310.9*
-81.5582,23.7985,*85382.1**79107*72312.7*64275.7*53310.9*
-81.5463,23.7915,*85382.1**79107*72312.7*64275.7*53310.9*
-81.5345,23.7843,*85382.1**79107*72312.7*64275.7*53310.9*
-81.5229,23.7768,*85382.1**79107*72312.7*64275.7*53310.9*
-81.5114,23.7692,*85382.1**79107*72312.7*64275.7*53310.9*
-81.5,23.7614,*85382.1**79107*72312.7*64275.7*53310.9*
-81.4888,23.7534,*85382.1**79107*72312.7*64275.7*53310.9*
-81.4777,23.7452,*85382.1**79107*72312.7*64275.7*53310.9*
-81.4667,23.7368,*85382.1**79107*72312.7*64275.7*53310.9*
-81.456,23.7282,*85382.1**79107*72312.7*64275.7*53310.9*
-81.4454,23.7195,*85382.1**79107*72312.7*64275.7*53310.9*
-81.4349,23.7106,*85382.1**79107*72312.7*64275.7*53310.9*
-81.4246,23.7015,*85382.1**79107*72312.7*64275.7*53310.9*
-81.4145,23.6922,*85382.1**79107*72312.7*64275.7*53310.9*
-81.4045,23.6828,*85382.1**79107*72312.7*64275.7*53310.9*
-81.3947,23.6732,*85382.1**79107*72312.7*64275.7*53310.9*
-81.3851,23.6634,*85382.1**79107*72312.7*64275.7*53310.9*
-81.3757,23.6535,*85382.1**79107*72312.7*64275.7*53310.9*
-81.3665,23.6434,*85382.1**79107*72312.7*64275.7*53310.9*
-81.3574,23.6332,*85382.1**79107*72312.7*64275.7*53310.9*
-81.3485,23.6228,*85382.1**79107*72312.7*64275.7*53310.9*
-81.3398,23.6122,*85382.1**79107*72312.7*64275.7*53310.9*
-81.3314,23.6015,*85382.1**79107*72312.7*64275.7*53310.9*
-81.3231,23.5907,*85382.1**79107*72312.7*64275.7*53310.9*
-81.315,23.5798,*85382.1**79107*72312.7*64275.7*53310.9*
-81.3071,23.5687,*85382.1**79107*72312.7*64275.7*53310.9*
-81.2994,23.5574,*85382.1**79107*72312.7*64275.7*53310.9*
-81.2919,23.5461,*85382.1**79107*72312.7*64275.7*53310.9*
-81.2846,23.5346,*85382.1**79107*72312.7*64275.7*53310.9*
-81.2775,23.523,*85382.1**79107*72312.7*64275.7*53310.9*
-81.2707,23.5113,*85382.1**79107*72312.7*64275.7*53310.9*
-81.264,23.4994,*85382.1**79107*72312.7*64275.7*53310.9*
-81.2576,23.4875,*85382.1**79107*72312.7*64275.7*53310.9*
-81.2514,23.4754,*85382.1**79107*72312.7*64275.7*53310.9*
-81.2454,23.4633,*85382.1**79107*72312.7*64275.7*53310.9*
-81.2396,23.451,*85382.1**79107*72312.7*64275.7*53310.9*
-81.2341,23.4387,*85382.1**79107*72312.7*64275.7*53310.9*
-81.2288,23.4262,*85382.1**79107*72312.7*64275.7*53310.9*
-81.2237,23.4137,*85382.1**79107*72312.7*64275.7*53310.9*
-81.2188,23.4011,*85382.1**79107*72312.7*64275.7*53310.9*
-81.2142,23.3884,*85382.1**79107*72312.7*64275.7*53310.9*
-81.2098,23.3756,*85382.1**79107*72312.7*64275.7*53310.9*
-81.2056,23.3628,*85382.1**79107*72312.7*64275.7*53310.9*
-81.2016,23.3499,*85382.1**79107*72312.7*64275.7*53310.9*
-81.1979,23.3369,*85382.1**79107*72312.7*64275.7*53310.9*
-81.1945,23.3239,*85382.1**79107*72312.7*64275.7*53310.9*
-81.1912,23.3108,*85382.1**79107*72312.7*64275.7*53310.9*
-81.1882,23.2976,*85382.1**79107*72312.7*64275.7*53310.9*
-81.1855,23.2844,*85382.1**79107*72312.7*64275.7*53310.9*
-81.183,23.2712,*85382.1**79107*72312.7*64275.7*53310.9*
-81.1807,23.2579,*85382.1**79107*72312.7*64275.7*53310.9*
-81.1962,23.2422,*83482.3**79107*72312.7*64275.7*53310.9*
-81.3116,23.2153,*70861.8**70861.8*70861.8*64275.7*53310.9*
-81.4394,23.1911,*56980**56980*56980*56980*53310.9*
-81.6728,23.1624,*31890.8**31890.8*31890.8*31890.8*31890.8*
-81.7094,23.1549,*27949.9,24498.6,27295**27949.9*27949.9*27949.9*27949.9*
-81.6956,23.1511,*29420.3**29420.3*29420.3*29420.3*29420.3*
-81.6398,23.1484,*35289.4,25737.7,26102.3,30789.9,33655.4**35289.4*35289.4*35289.4*35289.4*
-81.6254,23.143,*36856.8,20080.4,20630.4,24680.7,24978.9,25918.4,26371.2,30936.6,31008.1,31179.6,31769.6,31774.4,33183.5,35088.2,36747.2**36856.8*36856.8*36856.8*36856.8*
-81.6253,23.1372,*36843.1,19378.5,20812.6,23421.2,27743.4,31410.3,31570.8**36843.1*36843.1*36843.1*36843.1*
-81.5976,23.1309,*39853.2,19463.2,20948.3,23995.6,24244.4,24309.1,26677,27399.3,27923.9,30937.7,31071.4**39853.2*39853.2*39853.2*39853.2*
-81.5759,23.1239,*42136.8,19849.8,20335.3,20607.7,20617.7,20736.4,21071.2,25432.3,25925.1,30241.9,30569.5**42136.8*42136.8*42136.8*42136.8*
-81.582,23.1176,*41532,25635.2,25735.5,25743.6,25844**41532*41532*41532*41532*
-81.5774,23.1107,*42112.6**42112.6*42112.6*42112.6*42112.6*
-81.5394,23.1008,*46229.9**46229.9*46229.9*46229.9*46229.9*
-81.5367,23.0932,*46557.6**46557.6*46557.6*46557.6*46557.6*
-81.5393,23.0861,*46434.1,37045.8,37081.2,38200.8,42811.6**46434.1*46434.1*46434.1*46434.1*
-81.547,23.0797,*45681.6,36328.2,43671.1**45681.6*45681.6*45681.6*45681.6*
-81.5556,23.0738,*44850.1,21235.1,21375.6,36007,41926.8,42086,42219.3**44850.1*44850.1*44850.1*44850.1*
-81.5642,23.068,*44013,20548.7,20627.4,35405.2,35533.6,35564.6,41718.9,41817.4,42049.4**44013*44013*44013*44013*
-81.5664,23.0614,*43926.1,37403,42787**43926.1*43926.1*43926.1*43926.1*
-81.3157,23.0028,*71530.1,36102.1,36362.5,36638.6,41499.8,42184.9,71352.6**71530.1*71530.1*64275.7*53310.9*
-81.594,23.0533,*41232.6,11582.9,12578.1,12641,13357.2,33899.9,37707.9,37847.4,37924.3,38834.3,40736,40996.8,41200**41232.6*41232.6*41232.6*41232.6*
-81.6054,23.0493,*40212.4,12019.5,12111.6,31927,31986.5,33519.6,33720.5,34044.5,34208.3,34546,37235.7,38497.5,39587.7**40212.4*40212.4*40212.4*40212.4*
-81.6103,23.044,*39819,9876.52,10183.4,30905.1,31298.3,31330.6,34935.5,35382.3,37343.9,38126.9,39195.3**39819*39819*39819*39819*
-81.6161,23.0391,*39407.9,9955.62,10047,30884.6,33420.7,33730.8,37064.6**39407.9*39407.9*39407.9*39407.9*
-81.7251,23.0647,*27394.9**27394.9*27394.9*27394.9*27394.9*
-81.6559,23.0385,*35325.3,27831,29009.9,29136.4,29502.5,29623.2,31356.4,31696.9,33600.5**35325.3*35325.3*35325.3*35325.3*
-81.6371,23.0263,*37635.5,35529.3,35895.7,37322.2,37576.8**37635.5*37635.5*37635.5*37635.5*
-81.6858,23.0371,*32367.3**32367.3*32367.3*32367.3*32367.3*
-81.6885,23.0326,*32307.5**32307.5*32307.5*32307.5*32307.5*
-81.6912,23.0282,*32155.1**32155.1*32155.1*32155.1*32155.1*
-81.6808,23.0184,*33630.3,25599.7,31559.1,32802.4,32965.9**33630.3*33630.3*33630.3*33630.3*
-81.7669,23.0496,*23805.6**23805.6*23805.6*23805.6*23805.6*
-81.7662,23.0451,*24043.7**24043.7*24043.7*24043.7*24043.7*
-81.7179,23.0182,*30021.8,24452.9,29850.2**30021.8*30021.8*30021.8*30021.8*
-81.7381,23.0228,*27829.3,26038.5,26835.4**27829.3*27829.3*27829.3*27829.3*
-81.7633,23.0307,*25030.3**25030.3*25030.3*25030.3*25030.3*
-81.7417,23.0146,*27976.9,25903.4,26009.4,26010.1,26440.6,26478.4,27747.4**27976.9*27976.9*27976.9*27976.9*
-81.7527,23.0157,*26843.6**26843.6*26843.6*26843.6*26843.6*
-81.7477,23.0078,*27783.4,26900.4,26930.6,27133.5,27317.6**27783.4*27783.4*27783.4*27783.4*
-81.7608,23.0106,*26407.7,21030.8,21777.8,25972.3,26020.3**26407.7*26407.7*26407.7*26407.7*
-81.7688,23.0106,*25653.8,20665.9,21825.4,22247.6,22658.9,25520.7,25637.5**25653.8*25653.8*25653.8*25653.8*
-81.7767,23.0108,*24973.1,20580.3,22347.2,23243.2,23747.1,24093,24711.6**24973.1*24973.1*24973.1*24973.1*
-81.7955,23.0188,*22815.1,20558.8,22168.6**22815.1*22815.1*22815.1*22815.1*
-81.7984,23.0163,*22761.7,20547.2,21990.2**22761.7*22761.7*22761.7*22761.7*
-81.802,23.0144,*22502.4,21338.2,21528.8**22502.4*22502.4*22502.4*22502.4*
-81.7923,23.0026,*24154.1,23879.3,24009**24154.1*24154.1*24154.1*24154.1*
-81.7725,22.9822,*27192.5,27074.4,27119.7**27192.5*27192.5*27192.5*27192.5*
-81.7521,22.9601,*30429.2,27866.1,27911.6,28185,30407.2**30429.2*30429.2*30429.2*30429.2*
-81.7566,22.9575,*30302.4,28067.4,29640.1**30302.4*30302.4*30302.4*30302.4*
-81.7017,22.9033,*38621.2,28004.8,29314.3,30140.9,36958.6,37073.7,37239.6**38621.2*38621.2*38621.2*38621.2*
-81.6955,22.8894,*40195.7,31378.4,35412.6,35941.2,36404.4**40195.7*40195.7*40195.7*40195.7*
-81.6855,22.8712,*42375.2,34284.1,34671.9,41333.6,42086.1,42164,42238.7**42375.2*42375.2*42375.2*42375.2*
-81.6957,22.8716,*41538.4**41538.4*41538.4*41538.4*41538.4*
-81.7058,22.8723,*40745.1,33564.6,33677.1**40745.1*40745.1*40745.1*40745.1*
-81.717,22.8744,*39776,33021,33239.9,39490.2,39563.1**39776*39776*39776*39776*
-81.7206,22.869,*39929.2**39929.2*39929.2*39929.2*39929.2*
-81.7255,22.8648,*39931.3**39931.3*39931.3*39931.3*39931.3*
-81.7413,22.8731,*38082.3,34023.6,34205.3,36253.5,36719.5**38082.3*38082.3*38082.3*38082.3*
-81.7758,22.9047,*33040,32765,33017.6**33040*33040*33040*33040*
-81.766,22.8841,*35476.1,32491.4,35023.7**35476.1*35476.1*35476.1*35476.1*
-81.795,22.9119,*31164**31164*31164*31164*31164*
-81.8025,22.9136,*30594.3**30594.3*30594.3*30594.3*30594.3*
-81.809,22.9141,*30095.7**30095.7*30095.7*30095.7*30095.7*
-81.8154,22.9148,*29697.1**29697.1*29697.1*29697.1*29697.1*
-81.8213,22.9149,*29294.1**29294.1*29294.1*29294.1*29294.1*
-81.807,22.8842,*33010.7,28990.7,32937.2**33010.7*33010.7*33010.7*33010.7*
-81.8034,22.8682,*34690.6,29078.2,31930.2**34690.6*34690.6*34690.6*34690.6*
-81.8075,22.864,*34840.2,30586.4,31020.9**34840.2*34840.2*34840.2*34840.2*
-81.8149,22.8656,*34336.5,29734.1,31359.2**34336.5*34336.5*34336.5*34336.5*
-81.8226,22.868,*33706.2,27898.7,27932.5,28269.2,32929.8**33706.2*33706.2*33706.2*33706.2*
-81.8542,22.9163,*27373.3**27373.3*27373.3*27373.3*27373.3*
-81.8302,22.8588,*34283.5,31341.5,32037.7,32185,32372.4**34283.5*34283.5*34283.5*34283.5*
-81.8392,22.8646,*33292.3,31495.5,33101.2**33292.3*33292.3*33292.3*33292.3*
-81.8475,22.8698,*32318.1,31931.7,32309.1**32318.1*32318.1*32318.1*32318.1*
-81.853,22.8693,*32204.1**32204.1*32204.1*32204.1*32204.1*
-81.8579,22.8673,*32196,31578.2,32051.6**32196*32196*32196*32196*
-81.8652,22.8716,*31433.3,31242.2,31394.3**31433.3*31433.3*31433.3*31433.3*
-81.872,22.8752,*30794.8**30794.8*30794.8*30794.8*30794.8*
-81.8773,22.8751,*30606.1**30606.1*30606.1*30606.1*30606.1*
-81.8891,22.8944,*28250.2**28250.2*28250.2*28250.2*28250.2*
-81.8943,22.8954,*27907.9**27907.9*27907.9*27907.9*27907.9*
-81.8963,22.8863,*28812.6,28661.6,28777.5**28812.6*28812.6*28812.6*28812.6*
-81.9015,22.8875,*28531.2,28211.2,28528.8**28531.2*28531.2*28531.2*28531.2*
-81.9058,22.8856,*28650.4**28650.4*28650.4*28650.4*28650.4*
-81.9108,22.8861,*28488.9**28488.9*28488.9*28488.9*28488.9*
-81.9153,22.8851,*28462.6**28462.6*28462.6*28462.6*28462.6*
-81.9188,22.8786,*29076.4**29076.4*29076.4*29076.4*29076.4*
-81.923,22.8754,*29342.8,28976.3,28990.1**29342.8*29342.8*29342.8*29342.8*
-81.928,22.8762,*29172.4**29172.4*29172.4*29172.4*29172.4*
-81.932,22.8707,*29718.1**29718.1*29718.1*29718.1*29718.1*
-81.9371,22.8717,*29593.2**29593.2*29593.2*29593.2*29593.2*
-81.9432,22.8833,*28174.9**28174.9*28174.9*28174.9*28174.9*
-81.9472,22.8764,*28946.9,28529.2,28854.7**28946.9*28946.9*28946.9*28946.9*
-81.9521,22.8785,*28695.8**28695.8*28695.8*28695.8*28695.8*
-81.9568,22.879,*28548.8**28548.8*28548.8*28548.8*28548.8*
-81.9615,22.8796,*28515.9**28515.9*28515.9*28515.9*28515.9*
-81.9661,22.8746,*29038.3**29038.3*29038.3*29038.3*29038.3*
-81.9708,22.8836,*28066,21472.2,21599.2,21792.2,21938.9,22042,22052.1,22302.6,22642.9,23101.5,24918.4,24997.5,25239.5**28066*28066*28066*28066*
-81.9754,22.8844,*27937,21562.8,22392.3,22429.9,22562.6,22794.1,25503.8**27937*27937*27937*27937*
-81.9799,22.8878,*27575.4,20631.7,26035.7,26189.9,26310.4**27575.4*27575.4*27575.4*27575.4*
-81.9843,22.8888,*27460.3,21174.5,26470.3**27460.3*27460.3*27460.3*27460.3*
-81.9888,22.889,*27452.2,19967.6,20038.2,20105.4,20177,20694.6,26759,27118.4,27345.1**27452.2*27452.2*27452.2*27452.2*
-81.9867,22.9623,*19370.7**19370.7*19370.7*19370.7*19370.7*
-81.9901,22.9601,*19673.6,19427.8,19528**19673.6*19673.6*19673.6*19673.6*
-81.994,22.9548,*20319.9**20319.9*20319.9*20319.9*20319.9*
-81.9973,22.9553,*20294.5,19323.3,20007.5**20294.5*20294.5*20294.5*20294.5*
-82.0007,22.9549,*20351.8,19653.1,19898.9**20351.8*20351.8*20351.8*20351.8*
-82.0071,22.9386,*22260,20605.6,21279.7**22260*22260*22260*22260*
-82.011,22.9377,*22446.7,20935.9,21272.3**22446.7*22446.7*22446.7*22446.7*
-82.015,22.9368,*22605.8**22605.8*22605.8*22605.8*22605.8*
-82.0184,22.9384,*22576.3**22576.3*22576.3*22576.3*22576.3*
-82.021,22.9432,*22068.8**22068.8*22068.8*22068.8*22068.8*
-82.0227,22.9503,*21392.6**21392.6*21392.6*21392.6*21392.6*
-82.0282,22.9442,*22209.9**22209.9*22209.9*22209.9*22209.9*
-82.0341,22.9374,*23051.9**23051.9*23051.9*23051.9*23051.9*
-82.0393,22.9339,*23602.4**23602.4*23602.4*23602.4*23602.4*
-82.043,22.935,*23642.1**23642.1*23642.1*23642.1*23642.1*
-82.0469,22.9355,*23720.6**23720.6*23720.6*23720.6*23720.6*
-82.0511,22.9353,*23850.5**23850.5*23850.5*23850.5*23850.5*
-82.0544,22.9375,*23834**23834*23834*23834*23834*
-82.0584,22.9381,*23863.9**23863.9*23863.9*23863.9*23863.9*
-82.0613,22.9411,*23706.6**23706.6*23706.6*23706.6*23706.6*
-82.0627,22.9471,*23168.1,22171.5,22536.1**23168.1*23168.1*23168.1*23168.1*
-82.0595,22.9618,*21580.7**21580.7*21580.7*21580.7*21580.7*
-82.0554,22.9771,*19858.1**19858.1*19858.1*19858.1*19858.1*
-82.0661,22.9642,*21662.4**21662.4*21662.4*21662.4*21662.4*
-82.0737,22.958,*22658.5**22658.5*22658.5*22658.5*22658.5*
-82.0728,22.9668,*21757.2**21757.2*21757.2*21757.2*21757.2*
-82.0632,22.9888,*19122,6991.37,7133.73,8128.91,8342.61,8472.37,8617.47,8988.31,9008.8,10410,10552**19122*19122*19122*19122*
-82.0731,22.9793,*20575.1,7090.8,7245.46,8099.73,8265.31,8420.57,8870.71,10245.5,10377.2,19184.6,19395.9**20575.1*20575.1*20575.1*20575.1*
-82.0608,23.0036,*17572.8,6294.82,6305.33,7036.01,11094.1**17572.8*17572.8*17572.8*17572.8*
-82.0613,23.0078,*17264.5,6207.57,6325.44,7085.1,10233,10432.4,10629.7**17264.5*17264.5*17264.5*17264.5*
-82.0544,23.022,*15565.2,6169.23,6499.5,6964.26,8726.85,8739.86,9905.58,14669.4,14780.3**15565.2*15565.2*15565.2*15565.2*
-82.057,23.0228,*15609.5,6109.25,6612.72,6815.78,8760.1,8908.41,9041.2,9219.78,10223.1,11229.3,11355.9,14836.9,15301.8**15609.5*15609.5*15609.5*15609.5*
-82.058,23.0255,*15444.5,6172.62,6640.06,6803.23,8195.94,8780.78,9078.28,9666.99,10644.2,10742.4,11381.3,14985.6,15356.7**15444.5*15444.5*15444.5*15444.5*
-82.0621,23.0245,*15801.6,6025.84,6164.97,6241.11,7993.41,8815.71,9212.03,9730.14,10631.7,10941.2,11064.4**15801.6*15801.6*15801.6*15801.6*
-82.0652,23.0248,*15942.7,7225.5,7895.71**15942.7*15942.7*15942.7*15942.7*
-82.0716,23.0214,*16689.2**16689.2*16689.2*16689.2*16689.2*
-82.0753,23.0212,*16983.4**16983.4*16983.4*16983.4*16983.4*
-82.0813,23.0188,*17592.9**17592.9*17592.9*17592.9*17592.9*
-82.0886,23.0153,*18376.8**18376.8*18376.8*18376.8*18376.8*
-82.0943,23.0138,*18941.2**18941.2*18941.2*18941.2*18941.2*
-82.0977,23.0148,*19122.8,18138.6,18190.3**19122.8*19122.8*19122.8*19122.8*
-82.1078,23.0096,*20278.9,18232.9,18273.3,20155.3,20170.3**20278.9*20278.9*20278.9*20278.9*
-82.1193,23.0036,*21635,20990.6,21550.6**21635*21635*21635*21635*
-82.1186,23.0088,*21197.7**21197.7*21197.7*21197.7*21197.7*
-82.1139,23.0172,*20230.5,18242.8,19441.6,19584.9,19710.7**20230.5*20230.5*20230.5*20230.5*
-82.1206,23.016,*20809.3**20809.3*20809.3*20809.3*20809.3*
-82.1201,23.0206,*20459.8**20459.8*20459.8*20459.8*20459.8*
-82.1195,23.0251,*20073.7,18703.3,19720.5**20073.7*20073.7*20073.7*20073.7*
-82.1088,23.0369,*18399.1**18399.1*18399.1*18399.1*18399.1*
-82.1119,23.0383,*18573.9**18573.9*18573.9*18573.9*18573.9*
-82.1165,23.0388,*18918.3**18918.3*18918.3*18918.3*18918.3*
-82.1252,23.0367,*19860.1**19860.1*19860.1*19860.1*19860.1*
-82.1383,23.0323,*21311.2**21311.2*21311.2*21311.2*21311.2*
-82.1473,23.0308,*22178.4**22178.4*22178.4*22178.4*22178.4*
-82.155,23.0304,*22917.5**22917.5*22917.5*22917.5*22917.5*
-82.1635,23.0299,*23731.7,23413.4,23514.6**23731.7*23731.7*23731.7*23731.7*
-82.1713,23.03,*24405.2**24405.2*24405.2*24405.2*24405.2*
-82.1821,23.0288,*25507.9**25507.9*25507.9*25507.9*25507.9*
-82.196,23.0265,*26947.3**26947.3*26947.3*26947.3*26947.3*
-82.3925,22.9387,*50125.4,40178.9,40266.9,40460.5,41847.9,41999.9,42164.1,43419.1,45694.5,49649.8,50017.3**50125.4*50125.4*50125.4*50125.4*
-82.2701,23.0025,*35230.2,32348.1,33979.3,34030.3,35094.3**35230.2*35230.2*35230.2*35230.2*
-82.2964,22.9973,*38042.4**38042.4*38042.4*38042.4*38042.4*
-82.2981,23.0032,*37963.7**37963.7*37963.7*37963.7*37963.7*
-82.2677,23.0215,*34132.6,33926.1,33951.1**34132.6*34132.6*34132.6*34132.6*
-82.3295,23.0044,*41028.3,38146.7,38294.3,39423.5,39838.5**41028.3*41028.3*41028.3*41028.3*
-82.2717,23.0316,*34157.6,34005.8,34040.7**34157.6*34157.6*34157.6*34157.6*
-82.3253,23.0194,*40036.8,36792.8,37404.6,38117.2,39904.3**40036.8*40036.8*40036.8*40036.8*
-82.3106,23.0307,*38100.2,37471,37917.2**38100.2*38100.2*38100.2*38100.2*
-82.3141,23.036,*38279.6,36882.5,37422,37475.7,37557.3**38279.6*38279.6*38279.6*38279.6*
-82.3102,23.0433,*37709**37709*37709*37709*37709*
-82.3549,23.0379,*42433.8**42433.8*42433.8*42433.8*42433.8*
-82.36,23.0436,*42811.4,42336.8,42406**42811.4*42811.4*42811.4*42811.4*
-82.4379,23.0332,*51138.6,47010.9,48854.8,49588.2,49593.6,49939.8,50184,50446.3,50905.9**51138.6*51138.6*51138.6*51138.6*
-82.4249,23.0441,*49536.6,47135.3,47223.1,47263.7,48952.9**49536.6*49536.6*49536.6*49536.6*
-82.3959,23.0575,*46171.6**46171.6*46171.6*46171.6*46171.6*
-82.4513,23.0555,*52058.2,49879.9,50995.5**52058.2*52058.2*52058.2*52058.2*
-82.4352,23.0663,*50214.2**50214.2*50214.2*50214.2*50214.2*
-82.4614,23.0707,*52871.9,50807.3,51005.3,51070.1,51150.7,52051.2,52160,52246.9,52401.4**52871.9*52871.9*52871.9*52871.9*
-82.4584,23.0795,*52459.9,50340.2,50893.4,51253,51456.9**52459.9*52459.9*52459.9*52459.9*
-82.4418,23.0895,*50560.7**50560.7*50560.7*50560.7*50560.7*
-82.4946,23.093,*56150.5,55563,55870.4**56150.5*56150.5*56150.5*53310.9*
-82.4197,23.1069,*48051.3,38233,41091.6,41629.4,42075.7,42144.3,42286.5,42304.5,43349.6,46268.4,46933.6,47221.3,47401.2**48051.3*48051.3*48051.3*48051.3*
-82.4278,23.1141,*48823.5,46521.9,46616.9,48662.9,48712.3**48823.5*48823.5*48823.5*48823.5*
-82.5309,23.1184,*59793.3**59793.3*59793.3*59793.3*53310.9*
-82.5236,23.1279,*59024**59024*59024*59024*53310.9*
-82.597,23.1372,*66805.1**66805.1*66805.1*64275.7*53310.9*
-82.5168,23.1464,*58232.1**58232.1*58232.1*58232.1*53310.9*
-82.4644,23.1538,*52734.7**52734.7*52734.7*52734.7*52734.7*
-82.427,23.1603,*48737.2**48737.2*48737.2*48737.2*48737.2*
-82.4896,23.1722,*55443.6**55443.6*55443.6*55443.6*53310.9*
-82.5141,23.1831,*58154.9**58154.9*58154.9*58154.9*53310.9*
-82.4075,23.1815,*46810.2**46810.2*46810.2*46810.2*46810.2*
-82.3397,23.1809,*39663.1**39663.1*39663.1*39663.1*39663.1*
-82.3923,23.1944,*45444.3**45444.3*45444.3*45444.3*45444.3*
-82.3296,23.192,*38713**38713*38713*38713*38713*
-82.2082,23.1776,*25667.5,20445.3,21161.7,21464.1,21959.9,22476.7,22640.7,22993.5,24869.5,25464.1,25484.3**25667.5*25667.5*25667.5*25667.5*
-82.1181,23.1648,*15966,14792.7,14889.8**15966*15966*15966*15966*
-82.1349,23.1709,*17858.1,16734.3,16922.1,17273.5,17307.6**17858.1*17858.1*17858.1*17858.1*
-82.1072,23.1676,*14919.8**14919.8*14919.8*14919.8*14919.8*
-82.1213,23.1734,*16540**16540*16540*16540*16540*
-82.4789,23.2685,*56132.4**56132.4*56132.4*56132.4*53310.9*
-82.5422,23.2952,*63410.9**63410.9*63410.9*63410.9*53310.9*
-82.5844,23.3181,*68450.4**68450.4*68450.4*64275.7*53310.9*
-82.6292,23.3435,*73814.4**73814.4*72312.7*64275.7*53310.9*
-82.6637,23.3672,*78137.9**78137.9*72312.7*64275.7*53310.9*
-82.6674,23.3816,*79081**79081*72312.7*64275.7*53310.9*
-82.718,23.4137,*85382.1**79107*72312.7*64275.7*53310.9*
-82.7129,23.4262,*85382.1**79107*72312.7*64275.7*53310.9*
-82.7076,23.4387,*85382.1**79107*72312.7*64275.7*53310.9*
-82.702,23.451,*85382.1**79107*72312.7*64275.7*53310.9*
-82.6963,23.4633,*85382.1**79107*72312.7*64275.7*53310.9*
-82.6903,23.4754,*85382.1**79107*72312.7*64275.7*53310.9*
-82.6841,23.4875,*85382.1**79107*72312.7*64275.7*53310.9*
-82.6776,23.4994,*85382.1**79107*72312.7*64275.7*53310.9*
-82.671,23.5113,*85382.1**79107*72312.7*64275.7*53310.9*
-82.6641,23.523,*85382.1**79107*72312.7*64275.7*53310.9*
-82.6571,23.5346,*85382.1**79107*72312.7*64275.7*53310.9*
-82.6498,23.5461,*85382.1**79107*72312.7*64275.7*53310.9*
-82.6423,23.5574,*85382.1**79107*72312.7*64275.7*53310.9*
-82.6346,23.5687,*85382.1**79107*72312.7*64275.7*53310.9*
-82.6267,23.5798,*85382.1**79107*72312.7*64275.7*53310.9*
-82.6186,23.5907,*85382.1**79107*72312.7*64275.7*53310.9*
-82.6103,23.6015,*85382.1**79107*72312.7*64275.7*53310.9*
-82.6018,23.6122,*85382.1**79107*72312.7*64275.7*53310.9*
-82.5931,23.6228,*85382.1**79107*72312.7*64275.7*53310.9*
-82.5843,23.6332,*85382.1**79107*72312.7*64275.7*53310.9*
-82.5752,23.6434,*85382.1**79107*72312.7*64275.7*53310.9*
-82.566,23.6535,*85382.1**79107*72312.7*64275.7*53310.9*
-82.5565,23.6634,*85382.1**79107*72312.7*64275.7*53310.9*
-82.5469,23.6732,*85382.1**79107*72312.7*64275.7*53310.9*
-82.5371,23.6828,*85382.1**79107*72312.7*64275.7*53310.9*
-82.5272,23.6922,*85382.1**79107*72312.7*64275.7*53310.9*
-82.5171,23.7015,*85382.1**79107*72312.7*64275.7*53310.9*
-82.5068,23.7106,*85382.1**79107*72312.7*64275.7*53310.9*
-82.4963,23.7195,*85382.1**79107*72312.7*64275.7*53310.9*
-82.4857,23.7282,*85382.1**79107*72312.7*64275.7*53310.9*
-82.4749,23.7368,*85382.1**79107*72312.7*64275.7*53310.9*
-82.464,23.7452,*85382.1**79107*72312.7*64275.7*53310.9*
-82.4529,23.7534,*85382.1**79107*72312.7*64275.7*53310.9*
-82.4417,23.7614,*85382.1**79107*72312.7*64275.7*53310.9*
-82.4303,23.7692,*85382.1**79107*72312.7*64275.7*53310.9*
-82.4188,23.7768,*85382.1**79107*72312.7*64275.7*53310.9*
-82.4071,23.7843,*85382.1**79107*72312.7*64275.7*53310.9*
-82.3954,23.7915,*85382.1**79107*72312.7*64275.7*53310.9*
-82.3834,23.7985,*85382.1**79107*72312.7*64275.7*53310.9*
-82.3714,23.8054,*85382.1**79107*72312.7*64275.7*53310.9*
-82.3592,23.812,*85382.1**79107*72312.7*64275.7*53310.9*
-82.347,23.8184,*85382.1**79107*72312.7*64275.7*53310.9*
-82.3346,23.8247,*85382.1**79107*72312.7*64275.7*53310.9*
-82.3221,23.8307,*85382.1**79107*72312.7*64275.7*53310.9*
-82.3094,23.8365,*85382.1**79107*72312.7*64275.7*53310.9*
-82.2967,23.842,*85382.1**79107*72312.7*64275.7*53310.9*
-82.2839,23.8474,*85382.1**79107*72312.7*64275.7*53310.9*
-82.271,23.8526,*85382.1**79107*72312.7*64275.7*53310.9*
-82.258,23.8575,*85382.1**79107*72312.7*64275.7*53310.9*
-82.2449,23.8622,*85382.1**79107*72312.7*64275.7*53310.9*
-82.2317,23.8667,*85382.1**79107*72312.7*64275.7*53310.9*
-82.2184,23.871,*85382.1**79107*72312.7*64275.7*53310.9*
-82.2051,23.875,*85382.1**79107*72312.7*64275.7*53310.9*
-82.1917,23.8789,*85382.1**79107*72312.7*64275.7*53310.9*
-82.1782,23.8825,*85382.1**79107*72312.7*64275.7*53310.9*
-82.1647,23.8858,*85382.1**79107*72312.7*64275.7*53310.9*
-82.1511,23.889,*85382.1**79107*72312.7*64275.7*53310.9*
-82.1374,23.8919,*85382.1**79107*72312.7*64275.7*53310.9*
-82.1237,23.8946,*85382.1**79107*72312.7*64275.7*53310.9*
-82.11,23.897,*85382.1**79107*72312.7*64275.7*53310.9*
-82.0962,23.8992,*85382.1**79107*72312.7*64275.7*53310.9*
-82.0824,23.9012,*85382.1**79107*72312.7*64275.7*53310.9*
-82.0685,23.903,*85382.1**79107*72312.7*64275.7*53310.9*
-82.0546,23.9045,*85382.1**79107*72312.7*64275.7*53310.9*
-82.0407,23.9058,*85382.1**79107*72312.7*64275.7*53310.9*
-82.0267,23.9069,*85382.1**79107*72312.7*64275.7*53310.9*
-82.0128,23.9077,*85382.1**79107*72312.7*64275.7*53310.9*
-81.9988,23.9083,*85382.1**79107*72312.7*64275.7*53310.9*
-81.9848,23.9086,*85382.1**79107*72312.7*64275.7*53310.9*
